vrai_hop;rdrg;SI;total;p5;p25;p50;p75;p95
0;001;1;8683;230.63;737.75;1277.37;1720.77;3439.36
0;001;2;22155;263.85;1392.68;1771.38;2253.55;3347.43
0;001;3;131710;1640.63;2225.24;3064.13;5107.06;12561.38
0;001;4;875172;1241.71;2626.37;4322.92;10770.99;25034.31
0;002;1;7418;7418.42;7418.42;7418.42;7418.42;7418.42
0;002;2;25349;482.9;3274.83;4395.79;5081.78;7717.85
0;002;3;98520;1367.58;1881.8;3326.53;6796.13;7909.03
0;002;4;607551;1800.55;5139.95;7021.72;9416.56;19522.62
0;003;1;218889;10.71;733.61;5949.91;7335.86;11752.88
0;003;2;568499;392.73;3425.05;5739.19;9162.03;16632.73
0;003;3;1559459;1910.75;3892.48;5823.76;9714.8;20333.96
0;003;4;2661012;3300.53;6172.33;9188.08;15354.18;36618.15
0;004;1;23295;33.46;86.65;359.48;813.37;3028.86
0;004;2;152102;8.73;510.46;1288.7;3277.26;6376.23
0;004;3;899861;287.29;1247.43;2598.78;4435.15;9826.08
0;004;4;11644611;1322.83;3397.69;5770.3;9480.1;18649.12
0;005;1;47796;42.57;326.67;506.33;825.02;2150
0;005;2;123443;91.11;416.05;645.24;1038.01;2387.5
0;005;3;189918;180.09;564.49;1161.41;1659.29;4081.06
0;005;4;416991;356.54;1127.45;2504.42;4646.18;8420.05
0;020;1;31727;15.87;100.25;187.93;340.18;633.06
0;020;2;59047;67.27;165.97;275.02;459.77;1321.5
0;020;3;148487;85.73;227.96;527.2;1182.23;2854.72
0;020;4;488757;283.21;835.65;1710.23;3264.21;7737.6
0;021;1;486844;25.94;147.3;327.62;517.18;924.52
0;021;2;744412;96.43;278.96;480.12;712.57;1664.24
0;021;3;953661;176.88;482.4;834.66;1472.62;4160.03
0;021;4;1903340;416.71;1081.02;1919.84;3581.7;7852.55
0;022;1;29452;21.65;59.97;86.1;130.84;359.58
0;022;2;73237;27.29;71.69;117.46;223.82;1021.71
0;022;3;103009;51.77;133.67;368.57;1020.12;2920.48
0;022;4;203668;103.26;556.81;1404.06;3416.44;6425.05
0;023;1;93299;7.73;53.09;94.81;168.34;543.19
0;023;2;118369;18.59;89.52;200.38;445.23;1205.3
0;023;3;152501;59.49;153.99;371.22;1083.67;2576.53
0;023;4;114285;416.32;937.24;2451.24;3826.95;5844.05
0;024;1;189040;49.91;88.88;126.86;178.84;325.11
0;024;2;404694;69.56;120.05;169.16;237.08;422.91
0;024;3;325280;94.57;176.58;281.18;480.71;1221.26
0;024;4;194824;194.29;520.05;1162.08;2311.84;5275.34
0;025;1;154053;1.58;12.56;35.83;58.79;119.23
0;025;2;25546;3.56;22.19;56.48;148.35;459.42
0;025;3;12080;4.63;32.18;108.07;350.25;1180.89
0;025;4;18421;326.55;1155.42;2392.22;3516.89;8638.02
0;026;1;80148;0.89;40.03;80.1;138.23;346.89
0;026;2;139526;6.08;59.92;127.87;250.63;1171.68
0;026;3;194403;48.44;146.91;304.3;724.39;2325.91
0;026;4;219009;180.71;683.93;1605.61;2849.3;6242.35
0;040;1;22743;0;4;27.64;76.84;592.58
0;040;2;56353;0;11.83;76.18;225.8;984.09
0;040;3;64377;0;40.87;149.99;615.71;2189.28
0;040;4;40266;77.63;586.22;1104.52;2260.78;5236.83
0;041;1;106960;5.72;63.11;136.55;253.34;683.68
0;041;2;440811;8.2;86.79;180.63;374.72;1483.18
0;041;3;534835;23.4;144.79;356.5;732.89;2026.91
0;041;4;270789;61.4;228.98;672.84;1786.74;4600.32
0;042;1;158667;0;1.02;18.36;65.75;227.29
0;042;2;446910;0;14.84;53.04;125.02;408.46
0;042;3;540044;5.13;48.82;125.12;318.33;1043.27
0;042;4;306371;40.46;197.59;492.49;1230.92;3403.87
0;043;1;302011;0;1.44;186.21;343.9;531.87
0;043;2;160551;0;37.03;199.84;373.56;614.52
0;043;3;61471;6.82;61.61;215.36;488.78;1289.59
0;043;4;25215;44.15;128.12;529.33;1850.58;4002.21
0;044;1;56416;0;12.27;45.3;123.31;472.01
0;044;2;205778;3.57;24.9;89.92;244.39;911.85
0;044;3;453650;6.53;52.37;168.88;495.34;1418.58
0;044;4;523994;16.09;226.83;607.28;1373.71;3928.16
0;045;1;74021;3.22;28.71;73.95;126.24;277.14
0;045;2;637743;10.4;49.9;106.26;195.32;512.44
0;045;3;792288;21.2;99.52;210.42;463.29;1254.28
0;045;4;1134818;62.79;293.82;655.17;1369.75;3503.79
0;046;1;137393;0.82;21.07;71.3;121.87;247.58
0;046;2;693274;6.19;38.27;87.91;162.44;480.14
0;046;3;820141;15.97;78.82;175.06;379.08;1187.61
0;046;4;1049529;44.69;255.93;654.83;1476.16;3605.37
0;047;1;91207;0;9.81;30.89;75.32;168.06
0;047;2;438249;2.55;20.82;54.8;111.41;286.99
0;047;3;320757;9.81;47.82;107.48;213.51;688.86
0;047;4;116838;34.2;173.25;372.55;1176.62;2542.02
0;048;1;142547;0;6.03;18.7;63.82;287.39
0;048;2;198539;0;10.84;35.25;88.14;260.77
0;048;3;526460;0;11.14;52.33;160.86;1360.09
0;048;4;85289;27.67;206.13;425.26;1722.03;4493.65
0;049;1;71105;0.43;167.99;376.86;684.93;1321.34
0;049;2;777320;0;9.34;437.43;4273.35;7412.8
0;049;3;299623;52.12;296.32;658.92;1853.83;7990.15
0;049;4;296016;102.65;602.99;1398.64;3046.81;12016.95
0;050;1;55406;0;14.53;80.95;388.92;989.48
0;050;2;121163;0;35.82;140.81;441.97;1797.81
0;050;3;106704;0;124.06;616.66;1343.11;2994.24
0;050;4;127784;120.42;886.28;1879.42;3230.14;6126.23
0;051;1;72393;0;12.21;47.62;112.02;344.31
0;051;2;73773;3.76;31.14;113.52;294.57;1559.56
0;051;3;11858;3.69;25.93;96.03;199.88;1800.26
0;051;4;3183;68.12;233.64;262.05;766.63;1590.23
0;052;1;19702;0;0;7.28;35.66;128.34
0;052;2;51700;0;11.37;41.43;117.79;397.18
0;052;3;160256;4.72;43.16;120.59;304.54;1085.68
0;052;4;292142;15.24;188.87;506.67;1338.79;4076.67
0;053;1;225994;0;1.57;10.45;43.02;133.37
0;053;2;382155;0;9.54;38.43;99.54;313.89
0;053;3;465583;0;11.21;63.1;192.74;934.87
0;053;4;433870;53.54;317.95;725.33;1609.34;3979.72
0;054;1;94559;0;3.42;13.32;40.51;112.01
0;054;2;72735;0;7.82;26.69;69.93;172.9
0;054;3;25061;0;15.74;47.74;131.22;553.86
0;054;4;7136;27.69;117.22;402.03;717.89;2834.41
0;055;1;40656;0;7.01;28.06;95.77;286.04
0;055;2;82766;2.48;27.29;76.45;183.27;554.59
0;055;3;131312;7.87;57.6;153.45;372.2;1156.91
0;055;4;146577;28.23;307.39;745.56;1658.8;3870.91
0;056;1;28633;0;0;6.84;35.14;146.11
0;056;2;41377;0;16.15;53.32;151.26;476.56
0;056;3;25601;3.65;39.55;146.71;399.56;1021.64
0;056;4;30101;45.95;269.24;578.74;1575.76;3392.29
0;057;1;86080;0;0;0.48;8.01;38.25
0;057;2;43734;0;1.85;11.77;39.44;148.25
0;057;3;37468;0;17.87;56.05;132.15;411.8
0;057;4;26391;5.88;162.68;685.65;1857.3;3365.56
0;058;1;129497;0;0;0;0;73.57
0;058;2;301717;0;0;0;49.78;246.51
0;058;3;335613;0;0;68.73;202.57;760.86
0;058;4;266371;24.17;144.56;516.24;1297.04;3657.86
0;070;1;37453;21.6;54.31;77.47;127.05;240.37
0;070;2;30075;31.05;61.87;105.09;182.4;704.52
0;070;3;6567;38.31;80.98;156.06;291.51;781.66
0;070;4;118;118.42;118.42;118.42;118.42;118.42
0;071;1;214615;9.84;30.77;54.18;79.86;144.72
0;071;2;196064;13.75;45.45;68.55;98.52;248.42
0;071;3;11627;17.92;56.14;103.28;166.96;442.31
0;071;4;8186;388.09;442.26;894.69;3650.85;6008.75
0;072;1;148072;3.31;28.03;48.98;70.02;150.99
0;072;2;31598;4.74;34;57.96;91.62;233.08
0;072;3;30601;2.94;21.52;65.82;406.53;3749.26
0;072;4;2129;10.88;63.56;297.35;579.88;880.05
0;073;1;511633;7.22;16.4;33.69;72.5;191.53
0;073;2;160109;8.3;18.79;37.03;75.05;200.85
0;073;3;23475;10.8;22.08;49.47;132.68;354.79
0;073;4;7371;49.03;195.11;228.09;1596.17;2226.56
0;080;1;36560;8.24;33.8;75.38;167.19;632.39
0;080;2;19855;14.03;34.2;93.04;280.72;944.88
0;080;3;7977;25.26;117.4;187.48;720.3;2003.11
0;081;1;27393;0;4.92;63.58;194.25;377.1
0;081;2;36699;0;17.12;73.51;194.36;413.65
0;081;3;9580;4.07;34.35;84.45;199.13;763.69
0;081;4;1780;14.37;142.19;160.42;423.58;1039.8
0;082;1;45307;0;3.32;13.7;40.2;226.13
0;082;2;144252;0;11.33;41.31;121.38;524.96
0;082;3;151994;3.15;40.8;160.08;459.04;1340.44
0;082;4;24002;135.11;402.53;812.21;1088.95;2727.65
0;090;1;7810;14.76;40.43;71.58;116.08;208.27
0;090;2;71770;34.37;123.64;361.88;603.79;1459.86
0;090;3;47369;86.85;313.63;579.52;1237.76;3121.41
0;090;4;159695;488.33;659.52;1144.12;2198.75;6610.44
0;091;1;54939;53.71;122.92;176.34;231.43;351.16
0;091;2;45841;68.2;149.82;231.09;377.26;727.72
0;091;3;27792;187.81;319.48;577.98;948.99;2449.07
0;091;4;104415;283.93;645.6;1192.31;2203.6;4491.26
0;092;1;395398;49.61;87.57;128.59;200.26;346.39
0;092;2;81715;53.3;96.72;156.57;284.68;626.39
0;092;3;28033;49.61;202.95;363.55;708.21;2207.77
0;092;4;35119;169.91;747.19;2803.76;5219.47;6627.73
0;093;1;654455;35.34;58.83;80.32;110.73;206.97
0;093;2;110016;39.78;71.13;101.93;151.4;354.69
0;093;3;82550;41.89;84.67;264.52;921.93;3954.62
0;093;4;24151;173.02;592.92;4437.75;8753.3;10194.05
0;094;1;145236;23.64;45.17;64.19;94.35;211.05
0;094;2;68908;24.06;57.32;89.79;173.18;690.01
0;094;3;51966;14.76;99.4;246.63;969.04;3861.07
0;094;4;27372;32.53;264.66;1163.21;2201.52;10703.91
0;095;1;31356;24.85;54.26;73.09;108.42;203.95
0;095;2;8788;45.26;69.54;94.14;122.85;214.65
0;095;3;828;93.62;101.91;107.82;167.91;248.7
0;096;1;65690;31.81;52.89;74.56;104.38;186.44
0;096;2;24109;37.77;66.65;96.85;140.02;355.4
0;096;3;5520;8.08;90.03;163.72;301.71;1641.09
0;096;4;277;276.71;276.71;276.71;276.71;276.71
0;097;1;562268;15.44;33.16;47.13;63.98;111.78
0;097;2;83820;19.23;40.77;62.19;100.03;308.09
0;097;3;62329;21.29;48.19;86.14;165.41;3347.88
0;097;4;6062;39.09;311.5;911.73;2143.88;2655.61
0;098;1;1104258;25.78;51.04;72.39;106.03;189.11
0;098;2;188799;21.12;52.7;78.7;119.06;262.68
0;098;3;49639;21.9;77.38;172.6;360.67;1539.13
0;098;4;28293;39.49;469.74;897.71;1764.85;3777.99
0;110;1;86109;0;37.05;82.4;154.08;744.51
0;110;2;215727;0.58;45.17;110.1;250.52;1182.75
0;110;3;478655;19.52;155.17;488.25;933.96;3153.36
0;110;4;176000;128.19;469.8;1331.8;2584.53;5658.54
0;111;1;64687;0;5.09;16.04;56.11;120.75
0;111;2;86249;0;9.86;29.96;82.19;203.28
0;111;3;36923;1.56;17.5;50.88;133.99;468.59
0;111;4;10966;0;77.12;397.65;1705.6;3387.65
0;112;1;19911;0;2.8;11.96;33.49;120.74
0;112;2;18902;0;5.05;17.62;60.11;244.69
0;112;3;37010;5.86;25.51;77.68;204.35;1004.93
0;112;4;16444;44.86;141.32;565.49;2434.08;5196.04
0;113;1;339638;0;6.11;25.62;73.64;189.29
0;113;2;400872;0;10.17;40.31;102.49;321.55
0;113;3;158918;1.81;25.81;83.55;219.74;923.39
0;113;4;73570;12.75;156.81;374.02;1154.32;4233.09
0;114;1;280567;3.3;36.82;54.66;76.21;157.65
0;114;2;164140;0.69;19.55;55.18;126.62;593.88
0;114;3;405255;2.57;50.86;180.04;980.33;3789.27
0;114;4;108749;60.46;829.97;1559.86;3830.59;7830.01
0;115;1;116556;0;5.48;28.34;70.13;178.03
0;115;2;73589;0;0;0;40.86;207.89
0;115;3;64099;0;28.5;106.15;308.87;1106.71
0;115;4;38861;44.56;314.11;700.45;1859.82;3929.45
0;120;1;82994;59.23;199.28;281;402.11;1068.32
0;120;2;344607;139.16;259.19;390.7;592.42;1385.19
0;120;3;332745;193.86;383.77;611.58;1041.63;2494.48
0;120;4;744137;361.59;944.73;1984.11;3707.25;9119.02
0;121;1;170319;14.12;53.29;92.69;189.67;536.81
0;121;2;636717;16.6;87.83;186.03;416.76;1426.18
0;121;3;756496;51.83;216.88;442.32;1104.31;3127.87
0;121;4;1065455;220.66;794.34;1647.68;3286.39;8460.08
0;122;1;22744;8.08;43.76;77.44;130.38;678.19
0;122;2;94656;28.24;80.27;249.29;754.3;2134.06
0;122;3;135876;87.17;227.83;541.93;1118.14;4619.78
0;122;4;401611;291.54;880.62;1804;4034.52;10360.71
0;130;1;21362;97.39;170.84;692.25;3086.81;6125.11
0;130;2;93172;0.09;572.44;1059.82;1636.96;3877.65
0;130;3;551615;158.31;728.98;1362.9;2211.17;4702.73
0;130;4;3224241;476.09;1223.35;2175.89;3684.75;7878.04
0;131;1;44625;0;27.52;230.9;1375.6;3395.11
0;131;2;173917;1.7;141.16;719.77;1539.41;3597.08
0;131;3;430602;16.32;485.84;1148.82;2096.94;4310.35
0;131;4;277553;5.22;523;1881.97;3359.42;11019.61
0;132;1;215;0;3.65;6.76;26.18;52.08
0;132;2;1254;0;20.99;66.68;103.91;291.16
0;132;3;1824;0;0;42.63;82.38;356.59
0;132;4;1664;0;0;58.48;350.14;1053.78
0;133;1;128032;7;42.86;101.4;198.11;609.79
0;133;2;186828;0;6.41;79.64;249.91;955.29
0;133;3;663321;6.27;94.74;234.53;540.14;1691.62
0;133;4;614555;31.2;266.87;629.93;1288.8;4464.53
0;134;1;117431;18.73;73.04;129.7;219.74;650.34
0;134;2;519644;35.39;100.35;179.12;293.9;1005.8
0;134;3;673491;42;144.86;261.92;519.61;1503.68
0;134;4;451426;54.8;236.02;498.2;1155.73;3002.38
0;135;1;22615;0;6.8;22.53;54.05;140.16
0;135;2;64749;3.37;26.33;63.66;145.49;402.29
0;135;3;77080;25.54;79.61;173.13;322.03;886.69
0;135;4;73966;29.56;213.17;446.39;1185.31;2709.73
0;136;1;199407;0;24.53;87.78;247.21;806.86
0;136;2;1465917;1.8;55.44;154.23;407.16;1255.23
0;136;3;2611991;19.01;143.88;414.94;873.94;2476.01
0;136;4;751386;54.47;308.34;882.33;1924.59;5003.85
0;137;1;122505;0.12;36.37;96.49;231.21;628.01
0;137;2;809899;21.35;125.37;288.28;572.82;1614.93
0;137;3;1732322;50.65;237.63;486.6;1023.97;2634.72
0;137;4;2386862;121;483.62;1075.53;2036.05;4469.8
0;138;1;8494;0;16.2;35.98;64.43;132.75
0;138;2;7872;5.9;28.06;57.12;107.67;294.12
0;138;3;3806;9.73;30.12;44.57;82.36;238.03
0;138;4;1893;13.87;23.15;54.98;373.16;645.42
0;139;1;1106085;11.5;40.49;80.59;163.66;462.95
0;139;2;3118906;24.07;108.11;220.28;398.33;1110.39
0;139;3;3900015;45.66;181.42;339.44;633.23;1738.14
0;139;4;3209586;70.71;344.6;720.58;1462.97;3467.46
0;140;1;860655;0;49.29;131.78;267.32;627.56
0;140;2;2736127;7.22;88.46;198.15;360.95;987.39
0;140;3;3984264;19.57;147.97;300.85;561.73;1554.9
0;140;4;2908281;85.21;320.9;655.03;1393.29;3653.15
0;141;1;379022;0.83;10.41;29.45;66.24;189.49
0;141;2;428583;2.46;21.71;55.2;125.59;426.9
0;141;3;285686;5.7;32.84;83.72;223.69;788.54
0;141;4;119264;16.73;95.41;340.22;856.98;2524.18
0;142;1;29032;0;12.41;76.16;168.63;432.95
0;142;2;114459;0;19.57;87.84;248.09;718.06
0;142;3;151165;0.27;65.69;191.62;596.77;1634.85
0;142;4;180626;71.44;294.7;656.28;1898.03;5083.42
0;143;1;45380;0;7.81;30.13;71.55;158.14
0;143;2;196938;0.54;25.91;77.38;178.09;636.15
0;143;3;225804;7.3;58.46;167.17;393.55;1280.86
0;143;4;193395;46.74;180.17;539.15;1260.94;3542.87
0;144;1;460159;0;0;11.89;54.33;186.35
0;144;2;1187538;0;14.33;62.96;171.34;502.44
0;144;3;1489354;6.32;74.71;202.93;424.34;1426.55
0;144;4;821483;25.88;203.35;503.92;1244.1;3256.26
0;160;1;1143;57.77;76.08;171.77;395.61;442.08
0;160;2;3765;84.39;162.38;233.39;323.14;633.26
0;160;3;16874;154.48;242.51;328.93;487.96;1206.66
0;160;4;56806;238.86;316.63;612.48;1437.15;4330.91
0;161;1;20497;19.13;60.42;89.53;144.26;328.27
0;161;2;32293;23.83;69.35;104.35;202.63;640.68
0;161;3;74121;48.68;90.98;193.1;389.63;1331.56
0;161;4;91642;80.07;501.9;1066.18;1817.77;4877.98
0;162;1;19181;242.12;598.99;696.98;784.84;1600.48
0;162;2;67700;440.04;622.5;789.57;983.41;1582.37
0;162;3;381187;530.37;763.01;924.03;1188.2;2263.82
0;162;4;584077;653.66;1107.35;1584.84;2630.37;6204.03
0;163;1;128211;325.6;476.23;580.51;731.86;1017.85
0;163;2;324325;332.81;476.13;601.48;774.39;1100.38
0;163;3;901497;366.88;519.4;702.09;908.41;1765.44
0;163;4;1260337;463.48;813.56;1096.7;1997.2;5406.97
0;164;2;889;325.84;325.84;444.42;563;563
0;165;1;26060;367;524.44;674.82;831.1;1714.62
0;165;2;478376;403.89;572.33;725.75;955.85;1543.01
0;165;3;1538646;462.65;661.72;875.76;1173.6;1998.1
0;165;4;1555686;638.48;1041.3;1519.22;2391.04;6401.89
0;166;1;128640;283.4;382.43;463.19;607.88;831.47
0;166;2;1273990;308.73;403.2;505.64;688.89;1054.25
0;166;3;1355601;345.27;508.92;703.13;911.39;1448.92
0;166;4;1061433;430.36;767.93;1108.55;2057.5;4828.65
0;167;1;47564;22.98;66.5;100.45;196.66;581.92
0;167;2;77041;62.47;105.87;182.16;428.3;886.61
0;167;3;81363;82.42;187.37;379.71;678.94;1279.61
0;167;4;151129;239.31;517.72;1067.93;2720.04;8284.1
0;168;1;154493;58.99;130.31;237.25;347.42;715.98
0;168;2;541544;90.57;208.89;338.67;528.54;1178.06
0;168;3;573069;144.73;345.62;562.85;919.68;2260.48
0;168;4;1366780;247.96;634.93;1225.93;2796.18;7535.9
0;169;1;53903;68.78;236.38;342.87;431.94;977.34
0;169;2;134469;182.72;314.01;416;540.17;1052.01
0;169;3;195211;202.1;421.75;591.28;943.46;2642.18
0;169;4;425420;360.51;733.55;1584.64;2785.36;9252.45
0;170;1;4550;8.67;54.79;119.5;241.54;496.89
0;170;2;27047;27.31;102.07;158.45;257.27;906.41
0;170;3;58228;74.41;186.94;325.09;589.41;1661.01
0;170;4;64597;249.37;505.93;859.09;1848.44;3710.95
0;171;1;80519;5.03;14.32;27.21;58.21;150.34
0;171;2;213483;7.72;24.82;54.69;110.44;299.09
0;171;3;232436;17.53;61.97;123.44;243.98;717.06
0;171;4;196961;67.45;198.89;425.07;1136.57;3395.2
0;172;1;67488;64.99;161.04;336.2;1022.58;2753.1
0;172;2;231317;99.94;266.36;615.36;1298.97;3443.65
0;172;3;546792;161.2;548.03;1188.12;2041.06;4631.93
0;172;4;582990;417.73;1063.93;2615.68;4644.74;9356.48
0;173;1;1156919;35.84;81.71;125.27;196.9;643.85
0;173;2;1807771;51.8;108.34;176.59;308.08;1220.83
0;173;3;1631642;90.31;211.69;403.92;883.11;2433.33
0;173;4;1094753;184.27;658.22;1383.76;2423.14;6542.36
0;174;1;887160;94.79;199.93;814.68;1142.01;1781.05
0;174;2;1348370;116.47;270.37;977.5;1221.96;2083.03
0;174;3;476177;140.14;324.59;995.99;1293.86;2096.97
0;174;4;455120;203.39;599.04;1214.63;1991.81;4089.2
0;175;1;2179754;3.58;39.66;110.63;205.77;1097.99
0;175;2;2518517;27.62;107.47;184.05;381.69;1235.11
0;175;3;870804;21.37;140.76;300.56;1004.86;1454.2
0;175;4;409877;97.12;354.16;983.68;1699.36;4068.49
0;176;1;31886;2.65;11.58;19.62;39.15;97.24
0;176;2;50514;4.36;13.67;30.1;70.03;207.21
0;176;3;49013;4.43;22.25;73.33;158.92;809.51
0;176;4;26054;57.45;216.83;371.49;1083.18;3224.71
0;177;1;13951;2.93;10.96;20.95;34.09;102.83
0;177;2;30839;3.41;17.86;30.23;78.03;221.4
0;177;3;41148;7.77;43.89;116.07;253.85;1385.88
0;177;4;25057;10.4;171.01;634.36;1242.49;4287.03
0;178;1;27010;12.95;48.09;83.07;354.13;1039.1
0;178;2;111018;23.97;69.95;199.98;514.1;1717.8
0;178;3;199460;78.44;343.62;698.95;1430.92;3915.21
0;178;4;72192;384.33;1135.11;2094.03;3164.65;4951.6
0;179;1;569480;8.98;21.56;40.69;62.29;106.99
0;179;2;65232;12.47;27.89;54.85;84.85;216.19
0;179;3;15432;28.25;97.46;194.79;679.66;1358.9
0;179;4;8552;16.78;208.04;1129.63;2348.82;2896.14
0;180;1;57704;8.75;58.71;107.9;253.69;813.26
0;180;2;131372;10.11;82.71;166.87;414.62;1682.29
0;180;3;152437;38.47;171.82;435.93;1083.91;2968.7
0;180;4;261454;190.73;617.52;1364.61;2640.46;5872.42
0;190;1;853060;5.75;74.48;179.24;687.1;1313.08
0;190;2;2936426;12.2;105.09;245.23;1076.87;1424.12
0;190;3;1289824;31.94;140.96;312.1;1001.6;1625.88
0;190;4;1308611;28.57;218.1;534.52;1177.41;2741.4
0;191;1;408422;20.19;91.81;110.25;156.16;227.85
0;191;2;378632;13.17;94.56;128.46;182.18;329.17
0;191;3;520270;46.91;120.42;194.49;307.19;851.1
0;191;4;301747;89.82;310.48;627.45;1332.12;2872.37
0;192;1;1627499;8.71;91.17;104.22;149.6;252.7
0;192;2;1496359;45.92;93.98;122.69;179.14;352.08
0;192;3;282582;62.67;113.4;181.19;284.16;756.61
0;192;4;66022;90.27;229.22;444.18;958;2170.13
0;193;1;9176;23.16;230.95;762.99;1480.57;1619.34
0;193;2;43840;15.83;167.24;546.45;1263.76;2675.65
0;193;3;122941;95.9;468.47;1073.71;1944.78;3855.1
0;193;4;114924;166.64;699.82;1180.33;2113.76;4224.23
0;194;1;132925;3.4;23.23;61.32;118.99;318.09
0;194;2;1199791;7.21;38.38;92;193.11;534.06
0;194;3;1935775;16.9;72.59;162.2;348.82;1069.78
0;194;4;1464741;44.9;195.75;474.74;1122.7;3163.18
0;195;1;61743;8.75;39;84.61;151.16;343.72
0;195;2;88384;24.08;75.74;137.47;229.59;681.59
0;195;3;146888;34.26;103.92;180.22;352.58;1476.64
0;195;4;43625;59.6;196;338.22;781.99;2733.6
0;196;1;13246;0;0;3.49;14.51;168.61
0;196;2;32657;0;3.83;14.12;44.02;354.65
0;196;3;72429;0;10.94;48.26;155.17;903.54
0;196;4;263047;20.26;160.53;381.91;977.73;3026.88
0;197;1;402812;1.57;49.4;90.2;133.09;282
0;197;2;793997;2.6;54.42;98.85;170.13;745.66
0;197;3;686704;10.31;81.96;146.13;300.28;1417.34
0;197;4;298912;20.36;201.13;491.62;1327.03;4326.29
0;198;1;211144;0;8.73;50.09;123.76;582.12
0;198;2;292424;0;19.55;73.58;146.12;451.29
0;198;3;153082;4.35;45.62;114.43;233.17;683.02
0;198;4;101495;30.39;179.83;439.55;1088.42;3230.24
0;199;1;48229;0;5.28;19.26;68.47;155.84
0;199;2;111839;0.45;10.97;32.91;89.81;214.12
0;199;3;71628;3.97;26.38;66.01;141.44;391.02
0;199;4;22636;3.88;72.33;222.52;622.32;1487.57
0;200;1;13636;0;1.22;11.64;60.39;199.85
0;200;2;71319;0;9.69;42.25;105.97;285.43
0;200;3;115268;1.8;34.1;97.49;232.15;919.18
0;200;4;38175;31.46;103.05;370.41;888.54;2029.29
0;201;1;184205;0;6.7;16.89;38.97;107.51
0;201;2;570311;2.11;13.13;35.96;79.61;223.37
0;201;3;602094;6.52;36.1;90.21;190.34;637.29
0;201;4;420106;23.53;112.04;287.27;781.07;2570.76
0;202;1;301351;0;14.88;47.72;109.58;432.86
0;202;2;455616;1.7;23.75;67.2;135.12;486.86
0;202;3;195116;10.47;53.15;114.51;241.62;715.76
0;202;4;65581;31.68;150.4;314.01;717.81;2073.57
0;203;1;89192;0;3.82;14.1;40.18;118.68
0;203;2;123562;0.47;9.8;32.61;77.66;186.71
0;203;3;44383;4.03;24.37;68.13;149.44;572.74
0;203;4;5032;1.8;82.7;121.72;400.91;2229.4
0;204;1;65526;0;1.7;6.63;19.84;85.44
0;204;2;208724;0;6.44;20.95;59.99;191.68
0;204;3;132776;2.57;19.82;57.58;136.66;473.41
0;204;4;46496;12.62;59.91;157.6;468.41;2162.29
0;205;1;6297;0;3.35;28.64;90.79;194.18
0;205;2;32424;0.59;15.29;53.82;124.05;322.93
0;205;3;47569;4.69;41.39;93.22;200.75;625.85
0;205;4;32473;1.44;108.65;278.82;768.06;1984.2
0;206;1;42384;0.07;27.45;84.38;193.07;1592.88
0;206;2;137637;4.55;38.1;123.89;339.64;2133.93
0;206;3;222310;6.51;78.76;228.84;929.63;2730.83
0;206;4;177443;82.8;291.99;964.11;2114.5;8461.7
0;207;1;204672;0;7.57;27.17;78.51;388.77
0;207;2;295308;0;18.52;62.91;145.89;910.82
0;207;3;270170;4.02;47.38;130.88;351.01;1290.56
0;207;4;204105;11.38;133.64;361.44;1160.29;3461.28
0;220;1;383017;54.22;87.33;117.53;162.52;399.27
0;220;2;639225;68.53;178.45;417.41;831.44;2397.92
0;220;3;1741298;154.53;482.65;880.24;1635.75;4319.25
0;220;4;2885582;407.38;1302.32;2630.3;5643.91;13595.61
0;221;1;908476;119.86;212.42;313.28;487.39;1019.64
0;221;2;2951807;168.51;293.35;458.22;738.19;1668.97
0;221;3;5014371;268.26;520.16;813.39;1370.62;3237.21
0;221;4;6161307;490.99;1098.68;2074.6;3864.52;9889.42
0;222;1;28849;11.95;29.56;52.31;90.7;221.85
0;222;2;57628;16.35;73.44;143.4;311.79;1166.05
0;222;3;82484;16.31;135.14;452.79;950.54;2811.3
0;222;4;87694;55.4;702.53;1707.38;3640.24;13453.84
0;223;1;124588;20.95;87.52;152.14;254.5;702.86
0;223;2;168109;22.72;115.2;209.82;417.31;1004.72
0;223;3;200597;94.78;259.53;539.4;947.56;2395.29
0;223;4;241552;280.83;786.84;1713.68;3041.55;9323.11
0;224;1;155298;42.47;67.45;103.11;190.65;467.01
0;224;2;193412;62.2;133.93;243.61;439.69;1019.42
0;224;3;322262;156.16;377.43;647.6;1048.17;3009.44
0;224;4;188647;288.23;820.62;1905.25;2655.43;6667.18
0;225;1;1101504;36.16;62.08;90.15;143.89;303.54
0;225;2;1083929;51.45;104.47;188.24;339.25;755.03
0;225;3;245093;68.93;192.83;410.9;709.64;1869.47
0;225;4;171392;339.9;822.32;1428.11;2524.23;4414.63
0;226;1;514677;9.49;25.58;42.49;61.4;135.44
0;226;2;219009;11.42;33.02;63.47;148.68;528.16
0;226;3;108905;16.2;84.06;256.83;578.37;1344.6
0;226;4;165266;124.3;722.11;1636.99;3498.78;9031.39
0;227;1;512778;26.95;52.84;73.76;102.95;187.17
0;227;2;316286;37.05;69.24;101;157.39;340.7
0;227;3;126924;45.54;102.55;180.7;383.97;1345.28
0;227;4;120448;119.23;522.95;1062.03;2230.85;5335.44
0;228;1;1045276;21.44;43.59;62.45;81.52;124.77
0;228;2;330282;25.01;47.81;69.55;99.5;194.13
0;228;3;89502;30.82;63.92;115.76;258.79;973.99
0;228;4;88918;76.4;222.15;669.68;1446.55;5825.96
0;229;1;228409;31.53;65.65;123.76;285.24;968.36
0;229;2;386968;49.39;121.81;273.21;664.44;2180.85
0;229;3;536362;86.65;306.77;673.33;1432.41;3994.97
0;229;4;869071;154.32;839.03;1978.09;3782.45;9833.2
0;240;1;201388;0.15;16.78;57.1;119.85;748.49
0;240;2;921651;2.04;43.69;108.32;278.79;1167.59
0;240;3;1561079;15.54;111.11;344.53;857.71;2456.69
0;240;4;715886;44.05;318.57;1009.8;2358.33;5843.23
0;241;1;192864;1.65;12.9;31.14;74.01;240.11
0;241;2;592114;5.88;28.57;65.59;134.51;434.05
0;241;3;668233;19.33;69.01;147.72;334.41;1371.55
0;241;4;510811;53.82;199.87;480.06;1233.73;3573.3
0;242;1;16016;1.07;10.94;26.74;61.04;264.32
0;242;2;79135;4.96;27.1;76.1;177.56;1058.87
0;242;3;176080;20.59;84.13;297.1;1043.52;2419.13
0;242;4;158487;95.54;365.48;984.35;2410.4;6464.26
0;243;1;115053;0;0;4.52;24.27;112.96
0;243;2;325768;0;9.84;33.23;89.45;291.61
0;243;3;240952;3.49;40.97;101.4;227.6;828.94
0;243;4;332150;15.77;168.76;455.14;1112.71;3198.7
0;244;1;608359;4.88;26.82;151.54;322.84;758.06
0;244;2;702314;7.04;33.43;132.65;321.03;879.35
0;244;3;454522;14.97;103.7;304.01;645.41;1409
0;244;4;408908;149.18;498.76;873.3;1431.42;3404.57
0;245;1;400125;3.55;25.95;83.46;288.11;1947.33
0;245;2;451280;6.55;44.58;144.82;433.5;1948.29
0;245;3;270521;18.21;134.17;428.03;934.87;2629.04
0;245;4;331647;201.67;560.31;1015.63;1876.81;4584.78
0;246;1;40406;4.9;36.16;94.01;239.93;616.92
0;246;2;115967;14.54;70.71;161.57;360.41;987.52
0;246;3;114668;11.37;75.65;229.48;525.51;1455.62
0;246;4;185816;33.46;218.33;618.75;1316.06;2957.4
0;247;1;162660;0;5.75;23.61;80.35;235.68
0;247;2;409785;0;22.51;65.95;154.61;589.56
0;247;3;408079;8.7;63.49;155.22;390.95;1246.53
0;247;4;632863;53.72;244.36;563.62;1396.52;3675.88
0;248;1;72813;4.25;119.91;332.45;587.51;1174.26
0;248;2;84229;7.58;161.93;380.92;671.12;1362.35
0;248;3;110409;21.33;211.84;508.96;1135.75;2779.77
0;248;4;93535;191.56;681.41;1196.64;1838.14;3739.99
0;249;1;633555;0;3.6;10.84;32.41;142.92
0;249;2;660070;0;7.9;26.58;79.8;318
0;249;3;328406;0;10.27;48.98;155.61;668.28
0;249;4;269237;0;6.72;43.25;304.8;1556.19
0;250;1;686155;0;4.49;16.48;43.3;173.66
0;250;2;1005270;0.4;13.92;37.89;104.14;418.31
0;250;3;975635;3.15;35.58;108.68;303.8;1335.49
0;250;4;1204648;7.34;116.11;425.15;1111.61;3610.2
0;260;1;98725;18.92;120.93;225.4;541.74;1905.31
0;260;2;414930;73.67;237.57;446.01;848.18;3307.41
0;260;3;1078777;170.1;476.51;1005.83;2074.7;6539.33
0;260;4;2075591;552.45;1353.68;2949.63;5847.03;16135.02
0;261;1;51750;29.36;76.76;219.2;452.08;1135.78
0;261;2;223204;57.12;193.45;427.81;849.75;1901.53
0;261;3;237008;99.91;318.55;789.15;1354.96;4057.69
0;261;4;418990;266.53;911.64;1964.77;3420;7696.8
0;262;1;96360;63.05;107.99;171.44;335.08;773.17
0;262;2;196835;86.9;174.3;306.03;578.09;1423.1
0;262;3;187327;135.04;346.5;696.62;1290.22;2782.9
0;262;4;410513;328.43;825.58;1728.93;3398.9;8703.08
0;263;1;1130934;48.64;69.93;89.72;123.94;301.33
0;263;2;1067609;54.25;83.49;119.18;222;674.7
0;263;3;613625;80.56;196.27;374.59;762.6;2186.81
0;263;4;393067;179.93;680.73;1470.93;2919.77;7146.85
0;264;1;76152;5.1;52.9;108.85;228.3;1015.86
0;264;2;137066;4.16;82.37;216.06;494.67;1892.71
0;264;3;251570;28.23;178.03;495.3;1239.6;3336.2
0;264;4;557750;294.72;984.83;1802.88;3472.88;10008.51
0;280;1;32086;0;5.55;25.79;82.74;306.88
0;280;2;300115;0.51;17.6;71.34;185.46;776.48
0;280;3;850541;9.74;64.12;201.45;590.7;2103.49
0;280;4;1028747;38.92;284.28;891.76;2154.06;5731.58
0;281;1;113745;0;14.99;81.8;179.45;937.01
0;281;2;601524;1.56;47.7;127.45;341.07;1188.07
0;281;3;969179;12.44;116.11;299.38;722.23;1966.28
0;281;4;324894;53.44;200.59;588.91;1287.21;4054.69
0;282;1;497932;10.78;51.01;116.49;264.35;1496.85
0;282;2;886824;14.82;75.38;146.98;349.38;1701.09
0;282;3;679403;38.88;151.54;355.6;1006.92;3573.26
0;282;4;1260391;126.91;519.37;1223.14;2872.03;8283.49
0;283;1;74703;0;0;3.77;35.62;185.48
0;283;2;270577;0;11.45;53.06;141.63;728.62
0;283;3;441096;1.8;54.11;167.5;475.24;2052.68
0;283;4;437319;61.38;368.44;911.77;2151.21;5103.34
0;284;1;386232;3.18;21.2;77.25;197.68;643.97
0;284;2;917844;6.95;64.32;171.94;386.77;1037.87
0;284;3;689625;27.94;160.9;355.26;677.39;1654.98
0;284;4;632925;126.7;438.48;898.07;1707.14;4380.39
0;300;1;7310;111.17;147.22;229.75;399.86;572
0;300;2;20850;105.95;196.74;280.94;455.11;750.4
0;300;3;142897;218.88;401.83;655.99;1074.44;4705.62
0;300;4;45916;315.65;937.1;2011.77;4023.36;6676.09
0;301;1;206211;97.9;140.93;183.44;246.17;445.73
0;301;2;600085;113.43;169.87;221.76;308.73;633.95
0;301;3;1207319;133.83;216.92;316.45;537.13;1475.34
0;301;4;639849;204.29;522.9;1017.6;1859.95;4498.18
0;302;1;2730617;100.67;141.49;175.59;221.61;334.67
0;302;2;2636654;110;156.74;199.94;264.32;483.07
0;302;3;1599941;133.6;202.25;288.67;463.73;1583.09
0;302;4;581079;180.46;436.27;879.55;2261.82;8031.83
0;303;1;29143;85.71;211.45;310.92;395.8;646.94
0;303;2;26233;188.72;285.5;383.69;626.42;1276.64
0;303;3;27193;218.58;381.91;583.03;689.68;1675.24
0;303;4;16387;249.57;412.01;1135.37;2519.88;4590.31
0;304;1;708834;86.36;131.01;173.83;232.7;377.35
0;304;2;244013;104.6;151.97;206.83;294.57;605.53
0;304;3;224217;127.84;214.17;351.94;627.08;1868.04
0;304;4;89258;438.61;1028.27;2840.15;5259.99;7552.86
0;305;1;13267;2.8;89.08;162.73;350.82;1690.34
0;305;2;67748;94.57;244.87;663.44;1742.95;4044.54
0;305;3;80772;79.51;398.38;1204.97;2227.2;5027.33
0;305;4;114195;199.28;1732.63;2900.08;5949.54;10715.85
0;306;1;103154;63.33;101.97;132.45;171.23;293.04
0;306;2;87908;78.07;132.5;177.57;253.66;560.98
0;306;3;125761;117.25;187.34;305.18;489.61;1123.77
0;306;4;27463;265.8;613.31;811.97;1586.7;6727.34
0;307;1;43099;45.74;104.07;157.31;231.23;539.18
0;307;2;17396;67.05;137.04;207.81;384.46;708.9
0;307;3;7664;69.49;186.89;413.55;815.83;1437.78
0;307;4;5854;172.59;348.24;925.07;1031.37;2451.26
0;308;1;538638;69.14;116.54;162.18;220.17;409.14
0;308;2;1011933;85.03;151.01;212.69;316.2;709.84
0;308;3;1251780;119.38;217.44;335.43;580.24;1562.25
0;308;4;879048;214.38;511.33;1055.66;2096.13;5169.77
0;309;1;131750;31.1;61.95;91.25;140.68;350.33
0;309;2;248761;54.78;123.82;205.52;408.5;1981.51
0;309;3;284214;121.74;259.05;502.12;1032.82;3257.06
0;309;4;151120;256.91;785.76;1661.61;3615.43;8852.71
0;310;1;1373924;42.21;70.27;96;131.79;225.36
0;310;2;755914;28.82;77.71;115.03;172.6;390.98
0;310;3;396941;55.74;144.13;269.79;680.17;2514.39
0;310;4;190862;218.44;858.76;1978.3;4108.09;7909.72
0;311;1;8232;22.9;50.28;76.1;143.88;512.88
0;311;2;2046;18.43;134.24;258.51;382.93;475.93
0;311;3;1299;1298.66;1298.66;1298.66;1298.66;1298.66
0;311;4;683;683.34;683.34;683.34;683.34;683.34
0;312;1;81019;11.24;45.55;92.52;217.31;889.13
0;312;2;211862;28.39;122.13;376.78;904.38;2765.41
0;312;3;210212;96.17;441.21;936.59;2333.2;5556.33
0;312;4;160941;331.58;1680.34;3212.55;6233.48;11089
0;313;1;1818629;20.51;44.37;68.22;103.62;177.91
0;313;2;765419;23.67;56.17;98.98;178.05;500.97
0;313;3;407801;51.82;138.08;249.68;531.21;2366.41
0;313;4;169181;164.51;563.28;1400.32;2043.31;6039.52
0;314;1;578405;15.59;39.26;58.36;82.23;132.27
0;314;2;212322;18.07;45.5;70.57;112.26;363.68
0;314;3;209026;36.08;93.44;200.48;654.91;2793.27
0;314;4;45632;111.72;605.09;1858.7;3429.1;5539.17
0;315;1;1329074;16.35;45.18;67.88;93.17;147.27
0;315;2;695718;18.37;52.61;86.46;137.77;319.45
0;315;3;331088;38.91;100.61;214.67;432.82;1452.2
0;315;4;161034;139.52;367.06;934.36;2011.29;4043.82
0;316;1;316245;5.39;25.38;46.5;70.34;132.4
0;316;2;81722;4.46;28.63;55.38;105.08;340.74
0;316;3;24726;12.54;67.01;160.57;436.84;2327.98
0;316;4;14281;50.61;189.53;1283.8;2236.42;4017.84
0;317;1;503136;9.93;35.3;55.81;81.57;148.38
0;317;2;121674;8.94;41.6;74.73;144.38;486.32
0;317;3;116129;31.38;84.07;251.07;550.16;3036.68
0;317;4;58294;194.76;573.63;1178.57;3460.56;6645.03
0;318;1;281616;9.15;29.75;46.85;70.78;140.85
0;318;2;134277;7.98;29.03;55.83;108.29;848.43
0;318;3;58657;21.16;55.37;182.69;811.26;4071.91
0;318;4;10671;14.87;234.92;654.78;1161.78;3447.37
0;319;1;241354;16.47;38.39;56.69;80.58;151.17
0;319;2;104036;15.21;45.68;75.62;158.63;870.83
0;319;3;116938;38.49;116.83;429.83;1100.44;3377.82
0;319;4;64115;1068.57;1577.33;2237.13;7100.87;14509.65
0;320;1;464615;16.32;44.69;67.79;100.15;252.13
0;320;2;240923;16.04;66.08;130.41;265.48;956.35
0;320;3;414414;52.12;198.49;420.33;1030.02;4546.66
0;320;4;170014;234.7;853.34;1738.3;3420.09;12185.7
0;340;1;31147;0;14.06;37.38;80.3;217.55
0;340;2;53237;0.82;26.31;58.47;128.24;377.02
0;340;3;64126;16.45;75.21;172.21;412.02;1298.53
0;340;4;42113;51.51;242.45;492.47;885.92;3637.55
0;341;1;62684;1.91;21.2;46.01;85.25;217.52
0;341;2;167838;6.71;38.25;79.96;166;456.12
0;341;3;214054;19.69;77.47;162.48;337.83;903.44
0;341;4;119525;45.02;271;814.58;1416.21;3373.4
0;342;1;234686;0;9.21;20.18;36.09;86.23
0;342;2;177528;0.5;16.02;40.73;97.28;328.49
0;342;3;149148;9.93;55.85;137.44;303.6;937.32
0;342;4;98006;32.64;239.4;574.57;1436.44;4815.09
0;343;1;211103;0.5;30.22;79.49;238.47;709.89
0;343;2;845089;6.88;69.88;188.08;406.02;1030.5
0;343;3;1230472;34.92;177.18;409.22;840.39;2247.61
0;343;4;473499;94.55;492.87;1034.45;2456.39;5148.19
0;344;1;46564;0;64.45;233.44;565.96;2038.67
0;344;2;128638;0.11;90.82;256.72;675.12;2313.8
0;344;3;100100;19.75;248.02;501.4;2067.56;5288.7
0;344;4;49780;129.6;681.94;1388.79;3071.91;6215.73
0;345;1;24242;2.41;39.77;133.11;328.09;890.29
0;345;2;57039;0;59.99;191.35;478.29;1306.15
0;345;3;50160;50.23;258.44;558.5;1131.16;3551.67
0;345;4;31095;157.95;358.37;694.61;2184.04;3693.12
0;346;1;266249;0;8.84;46.01;160.52;816.39
0;346;2;250484;0;16.13;69.02;186.07;814.27
0;346;3;128998;3.6;54.81;172.99;428.95;1580.73
0;346;4;146577;100.59;334.66;755.77;2171.94;6832.7
0;347;1;636129;0;6.63;20.9;54.4;153.41
0;347;2;569183;0;14.38;49.17;114.87;404.29
0;347;3;366484;7.82;59.96;152.97;352.13;1229.77
0;347;4;189186;103.82;430.78;806.59;1725.45;4636.38
0;348;1;167650;0;3.6;25.5;112.99;317.16
0;348;2;313563;0;18.04;67.28;186.15;564.18
0;348;3;616082;5.79;47.98;123.29;288.32;979.27
0;348;4;73127;29.49;229.54;637.28;1859.38;5805.45
0;349;1;48319;0;11.73;26;50.6;143.73
0;349;2;151765;1.02;22.05;55.45;180.73;1040.88
0;349;3;92467;4.99;78.22;208.06;572.91;2591.62
0;349;4;19652;74.38;297.22;527.56;1556.92;2873.96
0;350;1;62576;0;2.26;15.8;43.66;125.29
0;350;2;83420;0;9.09;35.48;83.61;279.88
0;350;3;85470;0.58;28.74;92.77;251.2;737.44
0;350;4;38486;40.9;330.84;699.37;1632.99;4466.95
0;351;1;180406;0;5.33;26.53;75.01;335.82
0;351;2;133299;0;13.4;53.86;140.05;488.12
0;351;3;421221;4.73;51.9;128.67;298.16;1003.87
0;351;4;56630;21.12;265.58;614.14;1213.98;3458.72
0;360;1;61917;15.28;43.96;82.03;172.66;801.59
0;360;2;244655;17.59;88.76;208.73;535.13;1827.76
0;360;3;376259;61.18;346.81;775.63;1783.88;4674.69
0;360;4;237079;272.41;861.28;1448.48;3557.39;7803.89
0;361;1;239875;5.85;37.26;58.67;93.69;250.56
0;361;2;167162;9.34;49.66;87.34;212.71;767.37
0;361;3;87208;21.24;120.5;314.04;864;2440.85
0;361;4;64949;305.25;769.21;1249.78;4082.23;5580.53
0;362;1;323950;37.97;61.44;78.97;107.69;189.53
0;362;2;299516;41.65;68.4;91.89;128.55;260.05
0;362;3;47305;54.75;110.65;165.44;299.31;1262.58
0;362;4;20068;139.04;693.16;912.92;1101.67;3416.23
0;363;1;695278;27.17;48.32;68.9;97.34;158
0;363;2;351047;27.11;49.98;68.5;98.06;200.93
0;363;3;40799;37.97;68.65;148.97;322.25;1238.8
0;363;4;33028;46.88;205.76;715.41;2992.65;10052.62
0;364;1;509394;4.22;32.31;53.83;88.22;199.01
0;364;2;304869;6.74;45.83;92.41;222.52;1041.03
0;364;3;339553;25.55;153.03;490.11;1331.08;3254.91
0;364;4;177779;88.87;805.37;1279.22;3080.64;8996.7
0;380;1;39964;2.8;31.92;75.99;222.05;829.02
0;380;2;244864;6.8;53.58;140.9;352.85;1394.91
0;380;3;388905;22.26;129.13;322.69;804.76;2450.53
0;380;4;239810;53.22;351.3;975.2;1835.31;4121.12
0;381;1;142416;0;24.58;134.01;391.39;704.38
0;381;2;200962;2.08;66.78;218;495.21;1102.02
0;381;3;171572;34.31;208.95;462.75;772.75;2364.23
0;381;4;41480;52.99;292.42;818.15;2259.39;4740.69
0;382;1;43781;0;0;15.68;106.4;1169.08
0;382;2;243739;0;19.56;101.58;394.23;1484.98
0;382;3;374418;10.45;124.35;412.55;1046.26;2766.35
0;382;4;107090;107.43;267.3;643.33;1626.95;5841.71
0;383;1;688206;14.43;54.35;110.89;209.2;504.65
0;383;2;776229;29.25;116.34;217.37;388.06;971.17
0;383;3;501001;50.97;186.67;358.5;710.03;2066.19
0;383;4;337837;116.63;376.47;835.93;1909.44;4798.17
0;384;1;119007;0;0.77;9.58;31.87;118.03
0;384;2;181110;0;9.23;33.87;85.72;291.44
0;384;3;270721;6.63;46.12;109.72;236.91;851.05
0;384;4;75918;15.76;165.5;426.1;955.16;2653.24
0;385;1;120187;0;5.85;22.54;66.2;245.22
0;385;2;144789;0;11.04;42.91;119.11;492.76
0;385;3;106612;3.93;55.74;116.84;313.87;1850.47
0;385;4;45374;11.32;209.4;744.47;2252.41;4407
0;400;1;70775;8.51;78.98;477.35;1607.79;2900.13
0;400;2;9081;11.13;64.33;599.85;1150.46;1672.95
0;400;3;176201;310.41;746.4;1560.1;2633.03;5486.2
0;400;4;99538;233.31;1178.15;2544.61;3712.28;7345.06
0;401;1;57357;80.02;161.62;248.84;378.13;763.92
0;401;2;48511;148.17;294.14;392.21;542.44;817.92
0;401;3;32301;209.31;314.42;557.54;920.63;1548.46
0;401;4;19982;601.76;917.83;1354.01;1744.23;3068.17
0;402;1;15783;50.28;77.3;97.81;133.08;295.69
0;402;2;54700;17.81;85.48;268.33;955.88;2121.53
0;402;3;63257;71.04;268.36;832.02;1522.04;4002.45
0;402;4;82482;1053.29;1733.46;2713.17;3423.82;9028.52
0;403;1;714075;54.35;83.25;110.67;152.73;280.02
0;403;2;207384;74.57;112.39;162.14;253.27;433.83
0;403;3;72788;107.46;202.74;332.53;537.15;2373.13
0;403;4;162575;311.78;1235.16;2619.64;4340.3;22481.55
0;404;1;357934;33.23;56.6;75.51;101.15;161.07
0;404;2;192290;42.01;64.21;87.81;122.4;227.03
0;404;3;120538;54.44;98.3;164.82;352.29;1569.98
0;404;4;25429;139.12;406.81;835.28;2479.42;5257.19
0;405;1;89805;0;66.61;106.15;152.07;269.07
0;405;2;104068;0.29;83.11;168.67;303.19;1304.75
0;405;3;165382;94.39;171.31;218.88;444.78;1857.93
0;405;4;229548;142.01;198.45;391.67;2085.17;6938.36
0;420;1;279020;0;7.02;24.47;54.54;174.63
0;420;2;388722;2.67;19.07;47.28;111.58;438.62
0;420;3;389343;5.46;36.91;91.34;245.63;1074.85
0;420;4;318591;37.39;176.11;500.3;1160.82;3850.42
0;421;1;11689;0;0;0.02;9.93;60.93
0;421;2;146042;0;1.82;13.96;50.9;195.83
0;421;3;210370;0;25.9;95.7;257.86;1264.52
0;421;4;156129;30.49;257.39;650.31;1477.08;4495.39
0;422;1;78630;0;5.96;12.68;30.43;89.29
0;422;2;326803;2.14;12.73;39.15;101.76;408.23
0;422;3;470756;10.74;51.04;129.98;313.1;986.45
0;422;4;566266;0;57.57;288.35;782.83;2829.27
0;423;1;76489;0;0.17;16.72;67.21;2326.66
0;423;2;67289;0;4;37.1;108.53;3019.3
0;423;3;22091;0;4.68;58.01;291.31;3019.29
0;423;4;21425;7.47;277.89;581.6;1942.68;5209.48
0;424;1;55481;0;0;4.07;50.44;240.75
0;424;2;139744;0;3.28;27.92;93.42;385.67
0;424;3;144072;0;23.36;94.65;242.86;938.89
0;424;4;73604;6.69;146.6;372.79;934.62;3531.77
0;440;1;68763;373.85;1216.43;2294.41;3399.87;4849.59
0;440;2;401772;567.11;1535.83;3054.13;4262.53;7670.16
0;440;3;558030;924;2281.52;4115.4;6486.69;11872.2
0;440;4;228640;2471.14;4558.84;5368.42;7496.59;24611.23
0;441;1;22345;31.03;90.65;147.69;210.37;452.54
0;441;2;161920;74.08;265.49;497.54;776.89;1547.3
0;441;3;507959;194.24;503.46;797.92;1232.64;2741.25
0;441;4;273591;472.74;995.49;1873.41;3236.09;7013.37
0;442;1;123441;96.01;157.69;210.73;302.48;573.3
0;442;2;197017;132.91;194.82;269.75;397.3;783.09
0;442;3;228208;147.99;293.8;449.23;775.62;1986.12
0;442;4;336085;260.13;537.37;996.51;2357.37;6056.45
0;443;1;264342;40.45;85.27;130.41;210.95;499.92
0;443;2;292372;48.86;120.92;195.54;327.19;880.88
0;443;3;221765;55.61;228.25;440.64;845.67;2196.95
0;443;4;364241;271.76;816.88;1746.91;3256.92;6981.38
0;444;1;3958;0.37;12.02;48.12;113.89;229.04
0;444;2;8489;0.5;27.79;66.21;96.43;459.39
0;444;3;1105;29.96;44.68;75.72;138.46;415.28
0;445;1;114949;8.28;35.39;62.74;110.58;289.47
0;445;2;95330;3.63;46.35;105.31;245.44;763.26
0;445;3;93896;20.74;126.11;353.07;704.8;2455.32
0;445;4;92076;181.11;571.46;1388.68;2519.88;5117.95
0;446;1;833269;20.24;48.72;78.44;130.8;266.44
0;446;2;727797;25.47;61.33;102.82;179.96;437.84
0;446;3;256063;40.35;104.55;211.76;405.45;1259.76
0;446;4;199894;131.66;332.7;794.78;1748.22;4342.23
0;447;1;66370;2.3;26.93;73.62;131.72;356.46
0;447;2;120644;3.57;36.01;94.3;170.04;567.76
0;447;3;206681;9.85;105.75;307.22;709.03;1820.16
0;447;4;188584;158.45;980.51;1787.73;3450.78;9135.8
0;460;1;25973;0;4.09;30.33;94.84;379.16
0;460;2;259154;0.22;20.84;65.06;185.48;794.63
0;460;3;540184;8.31;66.3;176.77;445.42;1545.37
0;460;4;551873;33.28;268.69;711.61;1672.25;4793.57
0;461;1;43436;0;15.5;77.93;167.48;553.15
0;461;2;189967;2.32;50;121;327.76;1408.34
0;461;3;283857;10.09;115.41;314.79;700.11;2129.17
0;461;4;80137;15.66;155.24;495.08;1289.05;2796.65
0;462;1;24035;0;0.15;11.11;82.43;591.66
0;462;2;38345;0;3.51;36.38;141.57;661.63
0;462;3;62990;0;26.85;167.47;535.51;2090.32
0;462;4;14395;0.09;105.02;310.67;753.91;5114.27
0;463;1;821376;9.08;57.6;117.63;219.68;457.05
0;463;2;1123769;9.94;67.35;146.04;292.08;669.02
0;463;3;895226;28.37;122.58;270.68;528.9;1326.86
0;463;4;391965;99.65;311.8;643.42;1376.71;2781.24
0;464;1;89212;2.48;19.45;45.51;77.53;156.73
0;464;2;81231;6.79;26.47;59.79;106.56;286.84
0;464;3;15394;4.82;29.4;124.14;328.24;1084.96
0;464;4;5912;472.97;601.85;1064.67;2354.03;3309.45
0;465;1;413041;5.17;16.33;36.11;71.19;163.33
0;465;2;294187;5.76;22.94;54.52;105.39;292.45
0;465;3;87499;13.82;45.62;111.47;242.85;793.83
0;465;4;45987;122.18;356.04;763.9;1285.82;4484.8
0;466;1;9791;0;5.14;22.97;92.83;221.82
0;466;2;101784;0;5.39;47.38;164.1;719.93
0;466;3;121179;0;19.83;132.56;415.79;1584.85
0;466;4;66780;10.9;254.91;1025.13;1808.46;6077.26
0;467;1;53079;0;0.35;12.66;55.12;176.13
0;467;2;108576;0;8.81;42.25;115.94;438.62
0;467;3;122077;0;32.04;106.92;311.84;1251.11
0;467;4;48153;0.5;201.29;667.06;1261.88;3665.47
0;468;1;89742;0;6.01;23.93;68.1;209.01
0;468;2;228698;0;11.38;45.43;106.22;414.86
0;468;3;176924;1.69;41.49;114.57;359.45;1120.18
0;468;4;69885;51.94;283.27;936.72;1806.51;4460.56
0;480;1;740399;123.61;181.67;238.61;321.31;587.54
0;480;2;469416;128.66;189.19;260.96;363.93;768.92
0;480;3;102654;163.6;258.26;375.56;524.26;1150.81
0;480;4;114828;452.55;819.65;1510.13;3524.04;6189.83
0;481;1;117884;18.07;41.8;67.65;119.31;329.47
0;481;2;21021;19.49;54.32;105.23;168.63;485.35
0;481;3;30864;70.5;209.14;325.13;667.2;2448.61
0;481;4;24450;205.03;326.34;1262.47;5615.94;15777.67
0;482;1;964995;62.21;105.33;149.76;225.33;430.45
0;482;2;784524;70.16;122.97;183.63;283.74;597.49
0;482;3;300195;92.64;181.88;327.5;548.83;1399.98
0;482;4;169690;220;459.28;970.93;1770.48;4463.53
0;483;1;198742;12.1;28.47;42.38;59.27;107.49
0;483;2;59493;12.92;29.17;47.13;79.64;362.22
0;483;3;29645;17.3;57.94;198.77;589.25;2269.52
0;483;4;20940;39.08;1441.34;1745.87;3342.56;4480.5
0;484;1;128710;5.56;23.28;34.76;63.11;372.09
0;484;2;137210;26.75;75.48;139.42;280.77;626.18
0;484;3;95527;26.88;112.98;255.44;445.92;1331.05
0;484;4;22897;154.55;373.63;674.63;1400.52;3102.82
0;500;1;40761;0;22.19;53.16;128.35;645.4
0;500;2;217939;0;33.15;112.32;371.88;1030.27
0;500;3;183785;11.34;93.53;256.83;610.91;2011.23
0;500;4;41935;21.84;217.93;448.49;989.09;2897.46
0;501;1;191699;0;9.18;71.5;201.23;450.01
0;501;2;191320;1.28;26.89;117.06;257.96;679.09
0;501;3;99191;2.21;46.92;201.83;408.27;953.39
0;501;4;38023;25.83;258.36;1022.29;1238.84;2106
0;510;1;202840;77.28;112.68;149.61;215.55;461
0;510;2;255752;94.89;143.13;216.43;368.18;939.42
0;510;3;95240;158.52;300.18;518.4;935.46;2065.37
0;510;4;281244;282.55;675.41;1189.78;2787.62;6192.92
0;511;1;37778;50.39;108.06;159.24;233.94;628.77
0;511;2;146807;73.08;152.59;266.3;680.8;2308.75
0;511;3;127776;145.26;353.44;645.21;1635.98;4827.07
0;511;4;88711;495.35;1169.83;2669.81;3715.28;7388.41
0;512;1;71097;55.78;96.48;130.47;175.18;279.66
0;512;2;50535;67.29;116.95;159.73;230.56;482.05
0;512;3;20352;28.98;262.28;383.76;1047.99;1502.01
0;512;4;28768;178.4;1014.78;2005.22;3047.58;4897.19
0;513;1;2064938;34.59;64.79;94.05;126.59;201.45
0;513;2;666722;41.71;83.01;115.76;158.81;312.46
0;513;3;174486;60.96;137.33;233.84;541.61;2036.67
0;513;4;123000;198.99;590.56;1157.87;2589.18;6671.61
0;514;1;421053;15.4;33.26;56.83;94.05;190.21
0;514;2;124945;18.76;40.45;73.76;127.99;293.26
0;514;3;28643;27.45;74.23;128.67;292.66;753.08
0;514;4;42403;52.1;525.07;806.15;2638.15;8667.62
0;515;1;119054;10;28.24;45.37;73.01;168.37
0;515;2;52248;12.64;33.7;63.62;121.1;423.33
0;515;3;29678;45.62;148.45;277.25;657.74;3147.92
0;515;4;7907;33.56;398.85;2070.24;3554.76;3733.2
0;516;1;167583;24.58;38.68;51.46;67.82;119.91
0;516;2;89629;30.2;50.03;76.15;216.06;887.6
0;516;3;41222;47.63;96.41;322.03;593.37;2910.43
0;516;4;3455;383.69;596.78;871.87;1130.61;1327.35
0;517;1;126522;9.7;23.21;35.08;51.92;99.36
0;517;2;54777;9.97;24.39;40.58;65.72;236.5
0;517;3;29412;12.58;53.37;144.03;298.37;2251.75
0;517;4;34233;21.42;376.44;895.96;1781.68;12539.89
0;518;1;57487;0;28.65;53.72;96.14;271.42
0;518;2;115578;10.51;54.88;146.51;361.22;1281.81
0;518;3;70578;63.37;275.6;513.99;1199.23;3119.04
0;518;4;84022;763.02;1259.13;2316.05;5463.8;7400.09
0;530;1;66202;0;16.83;74.38;176.09;1856.93
0;530;2;252738;0.2;43.35;130.42;407.7;2255.96
0;530;3;503972;16.58;134.84;452.78;1410.08;3647.36
0;530;4;252593;39.79;325.65;1171.28;2942.86;9691.94
0;531;1;134253;4.82;64.25;157.84;284.51;533.25
0;531;2;53177;2.21;15.35;103.07;222.84;616.46
0;531;3;23548;10.77;118.25;230.37;510.48;2298.5
0;532;1;61249;0;5.22;18.01;55.29;140.47
0;532;2;50937;0.29;12.44;38.17;88.28;260.52
0;532;3;19029;5.06;36.43;97.08;214.49;924.73
0;532;4;4526;86.3;696.12;721.93;845.76;2175.83
0;540;1;763307;36.76;56.69;74.48;97.4;147.82
0;540;2;744919;39.13;61.48;82.82;114.3;226.65
0;540;3;441745;48.94;76.55;109.66;175.36;507.22
0;540;4;78923;76.13;174.63;335.46;748.36;2199.56
0;541;1;14858;18.87;34.22;56.5;77.53;126.53
0;541;2;15053;17.45;36.79;59.05;90.74;156.22
0;541;3;10850;27;59.97;93.32;152.58;665.78
0;541;4;3331;88.74;88.74;810.51;2432.05;2432.05
0;542;1;3372;0.41;9.91;17.11;43.24;123.84
0;542;2;7585;0.41;10.94;27.1;62.23;242.7
0;542;3;19191;12.8;34.71;60.12;346.37;1969.75
0;542;4;20969;411.89;573.71;1669.08;2651.08;13097.78
0;543;1;12707;9.11;26.89;40.38;64.77;160.64
0;543;2;13429;8.75;34.52;68.71;119.55;313.92
0;543;3;8930;36.08;93.03;133.14;321.56;1318.97
0;543;4;4504;202.5;259.77;661.58;1221.39;2158.45
0;544;1;108227;7.55;20.99;32.93;50.79;91.55
0;544;2;34525;7.79;24.14;42.05;69.07;171.41
0;544;3;4364;13.19;51.16;92.3;122.85;531.51
0;544;4;703;703.45;703.45;703.45;703.45;703.45
0;560;1;1091717;0.43;7.05;14.41;27.7;58.78
0;560;2;918594;2.24;10.64;20.14;39.02;84.88
0;560;3;299397;5.7;16.55;32.22;62.77;189.11
0;560;4;15117;7.78;48.43;128.44;332.09;1486.08
0;561;1;13228;0;0.92;8.75;35.23;124.01
0;561;2;28669;0;8.58;40.02;110.2;343.79
0;561;3;27546;0;17.94;69.74;212.54;841.78
0;561;4;3480;43.86;176.18;488.68;1102.89;1180.07
0;562;1;75981;10.2;49.62;69.72;93.63;161.96
0;562;2;30403;35.46;64.46;90.2;119.28;236.84
0;562;3;5870;60.48;90.43;152.28;259.48;458.4
0;562;4;1353;92.96;149.2;253.7;289.61;313.84
0;563;1;251112;0;1.4;13.47;38.23;161.92
0;563;2;102177;0;7.58;26.89;64.58;319.04
0;563;3;32906;0;17;40.95;98.34;491.44
0;563;4;1296;187.85;187.85;464.33;643.84;643.84
0;564;1;26126;0;6.26;18.13;41.53;131.35
0;564;2;9650;1.34;14.58;28.27;63.28;173.85
0;564;3;1898;2.16;23.14;63.14;130.99;281.93
0;565;1;15745;0;0;0;8.97;63.46
0;565;2;2850;0;0;0.26;13.5;332
0;565;3;403;0;0;5.6;25.54;366.49
0;565;4;227;227.2;227.2;227.2;227.2;227.2
0;566;1;97840;0;0;9.23;27.2;90.94
0;566;2;189487;0;3.43;17.76;51.73;177.05
0;566;3;84061;0;9.02;38.53;111.92;357.9
0;566;4;5796;145.39;188.73;607.79;1400.81;1708.34
0;580;1;2056;0;0;6.54;28.6;76.43
0;580;2;4275;0;1.57;13.49;39.6;190.29
0;580;3;4731;0;17.98;40.05;152.47;486.37
0;580;4;1048;60.88;60.88;524.24;987.6;987.6
0;581;1;398;0;0;1.6;16.42;290.67
0;581;2;3747;0;0;3.14;93.7;2534.53
0;581;3;2034;5.02;5.02;124.46;646.69;1068.51
0;581;4;578;0;0;59.2;518.68;518.68
0;583;4;9708;2823.73;2823.73;4853.95;6884.18;6884.18
0;590;4;32472;500.43;1366.19;1869.71;3004.27;6856.47
0;591;1;0;0;0;0;0;0
0;591;2;1452;110.7;110.7;726.04;1341.39;1341.39
0;591;3;9181;352.58;706.89;912.17;1130.53;2435.93
0;591;4;39369;235.22;618.39;898.52;1610.52;3226.76
0;592;4;36494;242.54;1075.42;1514.58;2902.76;4603.92
0;593;1;1400;0;3.72;134.03;160.79;675.43
0;593;2;6557;1.15;80.1;195.76;754;2181.99
0;593;3;22897;60.29;174.6;834.07;1203.46;2489.23
0;593;4;63948;175.79;587.49;1008.43;1605.57;2811.67
0;600;2;453;133.37;133.37;226.5;319.64;319.64
0;600;3;3033;3033.18;3033.18;3033.18;3033.18;3033.18
0;600;4;51714;352.35;1082.83;2028.05;3768.42;8408.07
0;601;1;12;12.3;12.3;12.3;12.3;12.3
0;601;2;1441;0;9.27;69.83;119.44;227.85
0;601;3;12162;26.8;68.67;248.06;733.92;1422.58
0;601;4;43113;73.93;394.95;903.49;1517.89;3393.77
0;602;1;6723;5.7;73.88;167.39;1189.27;2124.88
0;602;2;7512;15.99;92.68;129.71;180.59;1294.61
0;602;3;32573;136.14;230.98;452.59;944.36;1780.38
0;602;4;74748;326.02;670.87;996.09;1402.33;2524.83
0;603;1;5751;0;10.51;58.5;157.93;222.5
0;603;2;7552;0;31.76;83.36;155.67;251.91
0;603;3;12506;0;90.78;184.26;369.53;764.32
0;603;4;12078;77.23;137.64;318.59;680.6;2016.16
0;610;2;674;183.09;183.09;201.36;289.17;289.17
0;610;3;6268;343.4;727.72;1182.45;2406.04;3559.24
0;610;4;16020;195.62;504.55;776.99;1451.78;7153.3
0;611;1;569;0;1.84;16.14;75.34;137.14
0;611;2;1469;0;4.91;56.99;102.18;365.38
0;611;3;9988;0;40.17;151.81;376.12;1273.64
0;611;4;20856;68.54;313.25;694.04;1820.23;3619.29
0;612;1;5530;0;6.15;110.06;147.76;1556.97
0;612;2;10884;6.06;52.87;158.26;245.8;1403.31
0;612;3;24051;41.42;130.85;274.77;670.66;1480.15
0;612;4;43499;63.37;349.6;910.92;1391.7;3145.35
0;613;1;968;33.01;51.28;72.31;81.87;356.73
0;613;2;2855;0;11.55;75.12;126.66;247.23
0;613;3;2564;6.71;57.53;124.57;308.34;627.75
0;613;4;3193;40.75;100.95;337.65;495.59;833.03
0;614;1;7497;0;0;15.15;72.47;222.12
0;614;2;6425;0;4.64;44.76;98.64;239.19
0;614;3;5908;3.6;37.2;99.77;244.35;631.5
0;614;4;3080;4.71;16.02;62.58;354.2;1351.42
0;620;1;81;81.49;81.49;81.49;81.49;81.49
0;620;2;1010;98.75;103.26;187.93;401.51;534.94
0;620;3;3152;96.17;114.48;260.38;1331.51;1349.32
0;620;4;15823;49.1;217.37;674.26;1171.08;5095.57
0;621;1;1068;0;3.6;30.76;63.19;120.1
0;621;2;6721;0;0;9.58;58.85;155.75
0;621;3;9993;1.81;33.53;105.32;340.13;1657.47
0;621;4;11168;19.51;138.95;203.24;629.58;3571.18
0;622;1;15493;0;3.88;77.63;156.86;3518.27
0;622;2;11115;0;24.64;53.87;129.46;1542.32
0;622;3;25119;30.71;143.94;364.12;1046.88;3515.85
0;622;4;16431;91.58;528.22;654.48;1067.83;3509.47
0;623;1;865;0;3.89;10.03;30.83;124.68
0;623;2;1716;4.58;11.89;32.49;102.27;315.34
0;623;3;3676;0;31.42;98.48;178.46;937.41
0;623;4;3279;25.41;45.32;133.2;192.76;1299.43
0;624;1;1588;0;0;0;11.75;106.47
0;624;2;4323;0;0;4.13;45.89;230.51
0;624;3;1270;0;3.98;31.99;87.27;207.41
0;624;4;1530;4.42;102.71;225.08;662.21;1075.26
0;625;1;1633;0;0.71;10.26;41.24;113.59
0;625;2;2269;0;5.94;12.25;60.9;283.32
0;625;3;1918;0;3.87;9.19;143.77;938.38
0;625;4;2484;27.69;73.35;564.56;1168.44;1326.79
0;626;1;1022;0;0;0;8.98;45.13
0;626;2;990;0;0;3.6;12.84;71.24
0;626;3;2744;0;1.82;8.43;34.77;170.75
0;630;2;2630;313.28;454.45;658.26;860.75;1000.62
0;630;3;8452;118.53;300.62;656.66;823.76;1143.33
0;630;4;85147;220.16;705.1;1094.16;1694.49;3341.93
0;631;1;1885;17.28;113.6;200.39;253.22;604.29
0;631;2;13110;0;129.6;253.41;395.67;1438.93
0;631;3;9378;86.02;178.6;367.61;456.3;1057.2
0;631;4;32381;123.1;357.98;702.8;1111.62;3322.72
0;632;1;7288;9.06;24.41;37.47;56.59;124.42
0;632;2;6562;2.42;29.12;81.9;146.67;932.43
0;632;3;13768;1.7;55.21;112.73;274.37;11057.06
0;632;4;10508;162.4;282.57;340.54;988.19;3755.18
0;633;1;1379;0;0;3.76;11.6;98.88
0;633;2;10027;0;0;11.49;49.2;263.69
0;633;3;34239;0;20.82;84.71;196.37;1928.28
0;633;4;42081;20.2;91.9;290.78;657.72;3759.2
0;634;1;5758;0;0.91;25.36;76.28;312.35
0;634;2;15858;2.24;17.12;39.15;98.5;1765.5
0;634;3;44993;0;61.68;182.69;1121.27;2367.26
0;634;4;37920;37.82;75.82;435.89;1824.23;2558.76
0;635;1;674;0;0.85;25.81;78.62;152.28
0;635;2;2530;1.51;7.28;15.91;54.41;1160.25
0;635;3;5816;15.98;57.35;139.47;254.02;1700.18
0;635;4;8141;38.44;181.22;311.24;974.26;3330.88
0;636;1;3768;0;9.14;24.24;55.68;109.09
0;636;2;6459;0;5.3;23.33;66.12;199.66
0;636;3;9233;6.54;32.46;75.89;162.35;572.92
0;636;4;13135;35.12;52.66;207.25;508.01;2146.99
0;637;1;20944;0;0;2.24;14.19;105.16
0;637;2;10923;0;0;8.87;37.53;133.1
0;637;3;20086;0;12.32;56.87;142.22;392.66
0;637;4;3878;14.62;50.67;94.02;117.02;2273.26
0;638;1;14988;0;0;0;3.87;50.71
0;638;2;9196;0;0;3.1;14.64;101.6
0;638;3;3992;0;3.31;44.18;153.59;284.27
0;638;4;1233;7.28;44.43;193.75;330.73;462.98
0;639;1;1426;0;0;3;24.08;68.79
0;639;2;3431;0;1.57;11.79;38.18;153.69
0;639;3;3190;0;5.54;18.91;50.57;304.37
0;639;4;596;12.89;16.46;43.41;64.38;201.55
0;640;1;2065;0;0;0;5.43;44.8
0;640;2;3759;0;0;1.82;17.34;74.81
0;640;3;2346;0;1.6;7.01;20.11;139.11
0;650;1;75819;52.92;125.57;237.78;422.47;2978.23
0;650;2;70893;93.83;147.81;276.44;502.81;6521.8
0;650;3;102246;127.66;327.02;700.52;1496.35;9530.79
0;650;4;104806;276.3;728.91;1652.97;4260.07;10155.26
0;651;1;46042;12.15;38.93;57.29;96.38;218.05
0;651;2;51623;11.89;53.61;118.13;311.86;880.23
0;651;3;85265;22.28;95.86;311.78;1053.74;5794.2
0;651;4;74460;154.84;1329.5;2507.39;5741.7;20846.55
0;660;1;90414;0;27.93;356.14;740.86;2363.12
0;660;2;643062;21.13;367.63;824.82;1460.89;2713.34
0;660;3;944341;92.09;554.19;1192.55;2066.49;4151.78
0;660;4;372995;207.06;1249.68;2358.53;4082.49;14819.62
0;661;1;515238;0;3.26;35.02;416.58;4510.12
0;661;2;583957;0;20.51;97.36;999.81;5925.29
0;661;3;779325;0.67;25.7;161.83;1183.51;7269.78
0;661;4;94776;15.27;273.08;833.62;1891.39;5911.96
0;662;1;6415;0;13.25;40.24;89.04;284.2
0;662;2;10865;1.36;31.19;77.88;174.99;483.14
0;662;3;9599;5.21;63.38;184.56;328.15;872.14
0;662;4;15897;176;576.37;659.79;4044.6;10440.25
0;663;1;71078;0;3.76;13.74;40.99;175.05
0;663;2;373443;0.5;9.33;32.2;90.95;459.53
0;663;3;1237808;2.14;19;66.04;245.76;1919.13
0;663;4;581686;12.86;132.61;432.76;1580.09;5916.74
0;664;1;183297;0;23.4;71.05;181.01;1009.92
0;664;2;161544;0;22.42;105.96;450.6;1376.48
0;664;3;212506;1.42;23.04;141.64;629.63;2658.28
0;664;4;191039;8.66;98.08;796.22;3618.23;25303.69
0;680;1;46821;28.76;61.62;121.22;255.32;1452.22
0;680;2;97900;59.78;185.73;323.77;734.35;5930.45
0;680;3;114965;174.86;414.62;890.04;2054.12;6388.36
0;680;4;522994;204.08;1122.72;2980.79;7838.4;17877.2
0;681;1;99127;15.32;49.65;92.2;192.5;898.02
0;681;2;169051;4.18;85.28;222;555.23;2886.69
0;681;3;430828;25.89;196.19;644.13;2516.27;6945.96
0;681;4;651340;246.62;1309.59;4216.22;7998.23;15653.91
0;682;1;82118;35.25;61.92;95.66;173.32;650.65
0;682;2;120424;41.52;87.07;179.8;370.14;1511.85
0;682;3;100925;101.55;287.07;551.16;918.64;3847.37
0;682;4;183406;282.15;650.97;1091.21;2367.38;8076.29
0;683;1;115898;1.51;39.46;69.05;182.45;888.1
0;683;2;143874;6.81;59.72;174.82;564.43;1198.59
0;683;3;172436;34.11;244.77;590.67;1269.98;4333.61
0;683;4;183562;224.66;603.44;1824.56;4777.78;11775.17
0;690;1;315130;1.8;29.48;349.35;1102.52;4649
0;690;2;419988;6.93;73.49;373.77;1900.45;8411.27
0;690;3;1163715;22.18;245.97;1780.06;5365.98;10648.17
0;690;4;2640346;104.44;1902.62;4639.94;9492.14;18128.19
0;691;1;802711;1.6;63.11;271.9;771.23;2722.93
0;691;2;1010291;1.44;71.47;290.6;816.18;2677.81
0;691;3;1430083;12.94;178.7;631.64;1848.99;5186.89
0;691;4;1772886;119.5;666.92;1799.42;4513.05;11196.04
0;692;1;104999;0;13.3;111.48;294.15;845.98
0;692;2;87178;2.79;59.01;204.92;385.44;1289.05
0;692;3;71298;12.68;160.46;355.14;888.41;3174.75
0;692;4;82563;15.86;254.31;844.38;2447.69;10402.13
0;693;1;12164891;51.37;342.74;575.26;997.68;2271.89
0;693;2;6690891;38.23;341.69;590.42;1061.22;2493.28
0;693;3;2245363;23.79;328.95;666.4;1469.27;3934.02
0;693;4;1954970;202.51;772.35;1996.79;5525.17;15129.76
0;694;1;104250;0;7.63;65.39;253.2;1244.38
0;694;2;288274;0;18.06;108.97;408.24;1661.65
0;694;3;345105;3.27;56.92;224.21;762.59;2943.31
0;694;4;415361;22.49;277.4;826.7;2196.56;5976.72
0;710;1;27639;6.76;43.26;82.29;218.95;1001.65
0;710;2;126107;10.11;105.51;263.82;720.34;3006.76
0;710;3;301894;55.97;323.63;785.72;1456.9;4488.78
0;710;4;901552;350.6;1334.84;2441.8;4844.15;9818.02
0;711;1;111625;28;72.39;184.84;458.21;1397.29
0;711;2;236676;50.31;140.01;355.44;730.6;2335.48
0;711;3;254599;67.08;394.46;852.27;1749.55;5135.44
0;711;4;439713;373.27;1165.93;2080.89;3606.65;17228.46
0;720;1;93115;8.46;49.14;96.84;195;684.22
0;720;2;714132;23.3;124.69;275.12;578.41;1554.75
0;720;3;1410914;40.27;217.31;463.32;1013.19;2902.5
0;720;4;1805193;62.59;345.88;951.45;2176.66;5932.74
0;721;1;211899;3.74;57.32;129.82;274.36;817.04
0;721;2;208180;11.5;86.37;200.29;470.41;1396.68
0;721;3;173869;43.94;168.52;393.34;870.6;2310.63
0;721;4;105085;68.29;400.9;927.31;2408.05;7256.95
0;722;1;58359;0;0.18;14.58;62.34;265.62
0;722;2;164846;0;10.48;51.74;168.54;879.83
0;722;3;213659;4.24;46.13;183.09;578.69;2102.28
0;722;4;48620;22.37;118.09;300.75;865.16;4712.91
0;723;1;118222;0;0.35;9.04;36.88;153.53
0;723;2;181387;0;5.02;24.09;88.59;434.43
0;723;3;182312;0;21.6;115.51;369.15;1363.34
0;723;4;152824;7.2;101.24;1004.21;3086.57;9777.71
0;724;1;79846;0;16.24;46.07;122.98;435.71
0;724;2;202422;1.48;27.87;109.6;282.14;840.29
0;724;3;241601;11.87;88.1;303.59;702.11;2611.34
0;724;4;558809;69.32;530.37;1254.5;3159.51;13475.52
0;740;1;51198;8.08;50.59;103.58;220.31;440.28
0;740;2;95157;13.59;70.19;144.77;277.63;689.27
0;740;3;168017;48.11;166.29;379.78;806.56;1797.83
0;740;4;121242;168.82;568.9;1302.62;2204.4;5361.25
0;750;1;21702;0;1.45;22.57;67.94;229.83
0;750;2;16962;0;14.62;47.38;98.5;337.75
0;750;3;6487;31.15;80.93;130.68;343.79;644.11
0;750;4;2330;256.37;256.37;862.3;1211.3;1211.3
0;751;1;149854;0;5.97;22.5;59.05;171.68
0;751;2;222880;0;17.46;45.93;105.86;299.2
0;751;3;102149;13.6;51.08;114.23;243.65;841.4
0;751;4;56371;81.22;165.45;395.27;880.03;2256.69
0;752;1;13305;0;0.26;8.19;27.17;135.03
0;752;2;22164;0;2.08;15.1;57.79;228.31
0;752;3;12938;2.76;17.76;54.38;217.19;1006.92
0;752;4;6141;6.25;218.11;236.22;773.28;2412.54
0;753;1;28488;0;4.29;20.78;73.18;222.75
0;753;2;23904;0.26;11.9;40.53;100.37;287.82
0;753;3;11645;3.6;48.54;103.83;198.12;901.58
0;753;4;12318;9.68;154.86;967.22;1581.08;4794.09
0;754;1;83659;0;1.51;10.51;33.21;127.96
0;754;2;268675;0;7.14;24.27;60.52;187.4
0;754;3;99046;6.07;35.41;89.55;202.79;672.21
0;754;4;45578;55.62;217.34;400.75;1160.48;4289.78
0;755;1;25371;0;0;6.25;24.51;105.81
0;755;2;34960;0;4.85;22.45;76.15;186.51
0;755;3;13541;2.52;20.38;86.2;187.08;845.27
0;755;4;1076;328.23;328.23;537.81;747.4;747.4
0;756;1;54698;0;0;6.17;23.77;126.44
0;756;2;103490;0;5.24;25.96;83.6;267.79
0;756;3;129203;7.55;47.86;128.88;271.74;1043.24
0;756;4;61006;40.17;210.36;440.18;839.33;2272.83
0;757;1;193657;0;8.14;33.85;95.65;342.04
0;757;2;515710;0.67;24.32;68.55;162.38;560.82
0;757;3;526941;7.86;59.01;132.51;292.98;987.69
0;757;4;342960;44.12;205.1;482.17;1102.29;3004.5
0;758;1;6960;0;0;0;8.36;86.9
0;758;2;14601;0;0;4.85;41.23;195.01
0;758;3;4829;0;2.82;24.28;111.11;252.99
0;758;4;3692;61.54;120.69;507.47;1239.06;1762.94
0;759;1;12527;0;0.9;16.19;64.21;534.23
0;759;2;21490;0;8.79;25.86;114.94;671.2
0;759;3;23122;1.72;25.87;70.41;325.54;1255.96
0;759;4;8788;24.54;108.04;416.41;663;3368.46
0;760;1;15745;0;0;0;0;16.53
0;760;2;25539;0;0;0;4.52;146.2
0;760;3;25415;0;12.44;80.13;163.83;783.26
0;760;4;7142;19.13;189.78;383.82;685.03;1031.45
0;770;1;9423;0;0;4.08;11.53;42.13
0;770;2;8606;0;2.97;10.34;25.71;123.89
0;770;3;3763;2.26;15.43;36.76;97.97;227
0;770;4;13862;26.12;67.02;1229.19;4469.78;6841.07
0;771;1;6405;0;7.79;21.13;49.64;126.09
0;771;2;18373;1.2;13.95;40.14;78.92;309.73
0;771;3;8210;13.72;42.2;132.7;230.27;457.04
0;771;4;7331;114.02;208.31;279.39;2911.59;3817.52
0;772;1;860;0;6.49;10.86;20.48;77.16
0;772;2;3188;1.25;14.51;28.8;51.72;197
0;772;3;5596;0;27.63;36.78;87.4;4642.57
0;772;4;448;170.76;170.76;223.89;277.03;277.03
0;773;1;5466;0;0.87;6.14;20.74;200.85
0;773;2;10287;0;2.05;18.31;55.82;184.62
0;773;3;5486;2.6;15.39;52.36;195.01;1075.1
0;773;4;8499;83.16;205.03;644.5;1622.64;2080.3
0;774;1;903;0;2.2;4.22;11.7;80.43
0;774;2;1150;0.39;7.59;17.85;47.77;93.54
0;774;3;278;112.79;112.79;139.04;165.29;165.29
0;775;1;85032;0;0.82;4.86;16.18;83.85
0;775;2;235201;0;8.39;26;64.92;207.63
0;775;3;161454;3.77;28.59;80.72;172.11;746.29
0;775;4;94339;26.21;163.25;415.7;1433.73;3443.14
0;776;1;18577;0;2.21;7.71;25.36;116.7
0;776;2;31760;0;9.9;28.86;76.43;264.72
0;776;3;27287;3.77;36.99;104.4;210.24;829.47
0;776;4;9288;147.92;306.02;816.39;1550.99;2216.45
0;790;1;111014;8.42;38.38;70.19;150.58;637.08
0;790;2;112565;18.89;72.35;182.88;388.28;1575.48
0;790;3;88592;51.55;193.98;542.57;1211.86;4152.38
0;790;4;1057366;250.13;1062.2;2246.09;4858.63;10700.35
0;791;1;153836;10.51;42.58;70.54;119.76;317.87
0;791;2;213417;20.4;72.59;137.18;277.95;963.97
0;791;3;278543;54.91;190.27;415.06;852.17;2350
0;791;4;430918;211.24;663.17;1543.25;2901.85;10852.3
0;792;1;108318;10.42;36.95;67.61;129.98;356.38
0;792;2;56409;13.29;68.51;141.18;289.4;901.42
0;792;3;66634;51.55;141.19;439.02;841.9;2459.38
0;792;4;842282;84.12;476.77;956.08;2517.63;7543.43
0;810;1;43651;0;0;12.06;64.6;202
0;810;2;49819;0;23.22;64.2;170.39;529.09
0;810;3;39459;5.48;46.08;124.24;285.71;1343.65
0;810;4;14724;8.15;182.6;454.18;913.11;2101.31
0;811;1;20078;0;6.73;16.68;34.22;103.36
0;811;2;18913;0.45;14.42;30.02;65.53;269.29
0;811;3;14127;9.39;28.34;99.39;294.15;1117.03
0;811;4;14655;62.99;385.96;424.14;2624.64;6471.54
0;812;1;102709;0;1.6;4.74;13.18;62.48
0;812;2;168313;0;4.44;14.89;43.33;178.54
0;812;3;214024;5.54;35.46;93.94;223.2;737.44
0;812;4;339241;38.68;181.05;418.89;958.92;3686.05
0;813;1;126448;0;9;31.9;85.18;287.04
0;813;2;193481;0.35;18.9;62.78;153.28;737.41
0;813;3;342092;5.41;62.63;158.59;475.24;2459.61
0;813;4;150492;23.63;370.51;634.87;1529.37;5735.24
0;814;1;969;0;0;0;8.75;106.82
0;814;2;8301;0;0;0;4.48;69.26
0;814;3;6157;2.39;54;161.24;261.33;663.37
0;814;4;1817;8.94;8.94;908.48;1808.03;1808.03
0;815;1;31394;0;0;3.52;14.99;97.49
0;815;2;27438;0;4.84;24.72;100.27;376.8
0;815;3;32510;2.66;36.69;109.28;269.36;1277.01
0;815;4;72670;37.9;139.63;320.66;951.96;3141.92
0;830;1;1474;0;13.06;62.53;138.97;510.44
0;830;2;2271;5.88;38.74;148.35;171.95;703.36
0;830;3;2882;27.2;132.35;440.84;762.93;1078.15
0;830;4;14110;1272.66;1272.66;7054.86;12837.07;12837.07
0;831;1;445;198.61;198.61;222.34;246.08;246.08
0;831;2;3954;3953.93;3953.93;3953.93;3953.93;3953.93
0;831;3;519;519.1;519.1;519.1;519.1;519.1
0;831;4;73705;5352.92;10234.06;17648.74;26618.51;33054.75
0;832;1;14646;12.06;41.59;68.97;143.42;478.48
0;832;2;25806;17.95;55.72;87.81;237.35;1385.35
0;832;3;39866;119.8;357.15;690.8;1592.85;9609.57
0;832;4;27705;524.06;1197.1;1892.2;4551.94;6528.42
0;833;1;6009;1.95;37.74;70.94;189.08;360.64
0;833;2;4015;9.2;65.18;156.24;306.7;938.85
0;833;3;1001;90.64;96.5;120.77;403.82;668.46
0;840;1;24337;0;6.01;23.52;58.53;250.62
0;840;2;12691;0.36;26.93;67.55;174.75;569.4
0;840;3;13782;68.37;196.52;348.28;870.2;1990.58
0;840;4;7778;40.97;43.52;445.05;1422.2;5826
0;850;1;164806;7.47;38;66;113.88;351.49
0;850;2;179693;6.27;48.73;104.48;246.68;1109.18
0;850;3;233628;32.81;143.76;413.12;847.51;2409.23
0;850;4;413504;179.06;623.16;1801.98;3686.21;8877.59
0;860;1;74829;0;11.94;44.4;94.18;325.04
0;860;2;388343;0.82;33.47;83.26;205.96;629.98
0;860;3;713504;8.75;78.11;191.18;438.25;1361.5
0;860;4;510616;0;178.73;574.09;1252.76;3598.17
0;861;1;42248;0;0;1.7;18.24;118.63
0;861;2;162866;0;4.86;30.16;100.4;466.9
0;861;3;207293;1.8;31.94;105.07;278.25;1540.07
0;861;4;168558;11.15;192.72;666.52;1976.97;5647.03
0;862;1;362687;0;0;0;0;76.15
0;862;2;540076;0;0;0;38.71;275.97
0;862;3;380984;0;6.36;47.16;153.77;928.22
0;862;4;359653;0;85.27;362.52;1015.02;3988.45
0;870;4;30125;4286.16;4286.16;15062.73;25839.3;25839.3
0;871;3;3610;501.69;501.69;1176.15;1932.39;1932.39
0;871;4;16223;4696.08;4696.08;8111.37;11526.67;11526.67
0;872;1;324;0;0;76.95;162.22;170.55
0;872;2;4680;42.96;169.66;312.96;676.77;2628.45
0;872;3;22275;331.25;803.47;1298.03;2163.36;4109.18
0;872;4;54732;2274.83;3204.81;4793.7;24161.22;42869.85
0;873;1;4860;9.32;47.38;68.37;689.43;2758.08
0;873;2;12856;3.45;186.04;528.21;992.09;3462.61
0;873;3;2852;282.96;282.96;719.77;1849.1;1849.1
0;873;4;1000;999.92;999.92;999.92;999.92;999.92
0;890;2;1136;8.82;30.13;124.5;191.06;656.62
0;890;3;37699;146.79;956.77;1546.66;3564.89;16734.48
0;890;4;81847;441.62;1476.17;2296.79;4495.95;9885.6
0;891;1;2199;88.34;172.5;490.19;927.03;1130.35
0;891;2;55352;14.54;197.35;458.32;1036.38;2084.11
0;891;3;97882;78.64;403.52;910.23;1952.93;5083.15
0;891;4;37167;111.88;898.24;2629.8;4925.84;6629.51
0;892;1;4766;9.97;23.05;126.9;257.99;2998.32
0;892;2;24736;0;75.55;283.78;654.38;3388.8
0;892;3;32725;5.21;143.78;492.65;1118.97;5845.57
0;892;4;1421;145.11;145.11;710.43;1275.76;1275.76
0;893;1;29963;0;31.27;245.6;653.05;1501.72
0;893;2;100566;9.17;95.56;238.39;545.54;2222.56
0;893;3;51091;39.29;224.23;733.13;1532.25;7634.77
0;893;4;1761;348.51;348.51;880.54;1412.58;1412.58
0;894;1;19444;0;3.01;132.46;375.32;864.54
0;894;2;21149;0;27.72;193.76;557.39;1472.14
0;894;3;24605;0.64;318.87;607.7;1054.53;18950.29
0;910;1;14843;63.52;213.16;300.82;505.51;949.96
0;910;2;57442;113.35;238.65;360.88;577.44;1345.57
0;910;3;170691;115.14;271.94;585.24;998.13;1816.43
0;910;4;730256;457.7;1143.5;2037.57;4477.57;10163.77
0;911;1;2921;48.92;67.95;245.59;647.73;1312.36
0;911;2;99773;82.1;239.28;384.43;731.65;1540.91
0;911;3;194496;163.84;443.39;768.06;1320.08;2647.26
0;911;4;529762;236.63;921.13;1858.67;4591.9;9014.51
0;930;1;603;4.24;35.65;46.45;244.07;272.58
0;930;2;48270;4.81;53.06;124.07;274.68;709.77
0;930;3;71591;19.81;122.9;279.69;511.7;1169.53
0;930;4;169945;22.43;224.11;696.01;1914.51;5941.55
0;931;1;38;37.52;37.52;37.52;37.52;37.52
0;931;2;14548;1.7;80.16;176.32;345.35;871.12
0;931;3;9505;58.18;213.33;500.21;838.84;1498.1
0;931;4;6258;1050.24;1050.24;2110.37;3097.28;3097.28
0;950;1;398199;12.26;55.68;97.92;177.08;641.58
0;950;2;851136;23.18;104.82;236.2;511.78;1641.99
0;950;3;1688172;73.03;282.71;591.15;1203.27;3184.23
0;950;4;3392912;273.93;866.91;1807.03;3501.07;9103.09
0;951;1;40577;52.22;88.52;149.23;276.55;645.53
0;951;2;130304;79.23;174.79;313.98;616.66;1425.59
0;951;3;219269;165.89;384.54;609.15;970.82;2488.54
0;951;4;158126;315.56;775.54;1557.32;2798.2;5891.99
0;952;1;221364;4.9;39.09;72.58;137.5;436.44
0;952;2;575326;12.64;59.44;136.39;322.47;1152.51
0;952;3;817874;38.43;152.51;345.44;848.14;2602.99
0;952;4;933304;148.03;598.85;1349.2;3127.74;7722.06
0;955;0;11802;0;0.11;12.33;40.68;198.91
0;956;0;62617;0;20.61;66.78;180.75;1168.59
