vrai_hop;rdrg;SI;N;total;p5;p25;p50;p75;p95
0;001;1;2;3617;1773.74;1773.74;1808.59;1843.44;1843.44
0;001;2;37;30005;219.52;290.24;430.65;1418.12;2004.32
0;001;3;86;129318;262.09;610.97;1674.71;1937.4;2801.56
0;001;4;90;276057;887.4;1831.56;2406.69;3567.45;7287.28
0;002;2;7;8036;352.5;719.36;1047.23;1714.84;2096.99
0;002;3;48;81649;569.73;1174.7;1833.81;2163.81;2647.33
0;002;4;84;277754;937.64;1924.85;2703.79;4359.04;7189.76
0;003;1;217;109034;200.61;292.81;429.04;613.28;975.68
0;003;2;450;277701;255.33;390.25;531.58;779.02;1250
0;003;3;142;164541;324.73;551.97;783.57;1259.78;2763.18
0;003;4;118;244328;646.24;1096.59;1628.58;2948.81;4830.53
0;004;1;8;5152;0;25.48;74.1;306.22;4340.88
0;004;2;72;57021;46.2;182.42;451.7;1241.62;2665.6
0;004;3;312;428473;134.68;518.8;1202.75;1900.21;3276.94
0;004;4;1458;3621363;427.3;1258.05;2070.1;3192.29;5962.9
0;005;1;3;3481;1099.6;1099.6;1108.78;1272.17;1272.17
0;005;2;20;31090;358.56;1242.16;1551.61;1811.02;2977.71
0;005;3;118;203660;603;1128.4;1620.46;2199.2;3282.57
0;005;4;443;1027040;903.03;1480.21;2071.62;2916.46;4525.1
0;006;2;2;3626;1689.97;1689.97;1812.95;1935.94;1935.94
0;006;3;2;2047;632.69;632.69;1023.53;1414.38;1414.38
0;006;4;2;2585;635.37;635.37;1292.54;1949.72;1949.72
0;020;1;157;18556;0.4;32.24;83.45;156.81;347.37
0;020;2;96;18665;7.92;64.68;136.68;266.88;607.14
0;020;3;199;77222;53.48;173.4;297;531.85;1083.65
0;020;4;138;129282;177.44;496.73;873.93;1206.7;2051.7
0;021;1;860;64405;0;29.26;61.26;99.38;203.11
0;021;2;1521;181163;18.32;52.33;88.28;138.25;308.56
0;021;3;1240;282605;38.64;86.72;144.66;258.76;713.19
0;021;4;646;523324;110.49;288.34;569.06;1114.49;2331.16
0;022;1;177;4486;0;0;10.24;31.2;97.37
0;022;2;165;11038;0;11.2;26.96;86.25;258.38
0;022;3;80;13164;6.06;33.28;77.04;134.88;581.48
0;022;4;26;17716;23.16;139.05;644.43;990.97;1741.82
0;023;1;543;9472;0;0;3.2;13.8;88.05
0;023;2;335;25587;0;4.8;46.81;103.32;268.59
0;023;3;164;33193;13.36;64.35;147.07;268.68;545.22
0;023;4;57;45160;110.33;307.77;530.8;1037.35;2701.46
0;024;1;1563;78501;0;20.2;43.64;73.64;121.68
0;024;2;1442;105373;5.28;32.32;60.5;95.61;174.69
0;024;3;1386;203634;16.36;59.4;111.53;188.4;394.05
0;024;4;339;134099;31.16;148.16;286.81;502.5;1128.24
0;026;1;1334;15518;0;0;0;7.68;63.09
0;026;2;597;27887;0;0;12.08;60.81;188.03
0;026;3;260;43187;0;51.6;120.81;230.82;498.81
0;026;4;72;44908;35.36;210.79;394.32;705.61;2300.26
0;040;1;90;6069;0;9.2;46.81;103.27;200.03
0;040;2;137;13806;0;22.16;56.4;128.81;416.74
0;040;3;95;16575;5.8;58.8;124.28;232.38;401.89
0;040;4;14;3620;13.28;138.68;161.2;292.61;798.68
0;041;1;275;12479;0;6.24;38.6;67.65;124.68
0;041;2;910;54268;0;16;46.81;85.72;165.94
0;041;3;1083;97115;3.2;31.96;70.57;126.41;239.67
0;041;4;200;35321;6.98;58.72;110.28;217.44;549.73
0;042;1;1519;71116;0;5.44;32.84;71.45;138.74
0;042;2;4750;387745;0;32.24;67.69;116.45;205.24
0;042;3;2644;334945;15.98;61.24;105.3;170.49;293.13
0;042;4;298;77712;30.76;125.67;199.19;321.92;676.05
0;043;1;1589;69198;0;0;20.28;66.25;150.95
0;043;2;894;44617;0;0;24.34;72.41;190.57
0;043;3;145;15650;0;14.68;63.8;152.99;334.2
0;043;4;15;4037;0;33.08;140.4;351.48;1126.5
0;044;1;417;29014;0;16.48;52.17;97.61;226.49
0;044;2;768;66178;0;24;67.66;118.43;256.53
0;044;3;1322;152005;0;28.76;81.6;159.73;328.66
0;044;4;517;118777;0;24.08;113.64;308.68;860.98
0;045;1;1514;89341;2;22.6;50.08;83.05;149.58
0;045;2;7499;587474;4.8;31.28;64.44;104.97;199.34
0;045;3;4125;542387;14.56;56.44;103.32;170.41;342.6
0;045;4;875;238276;9.6;95.56;197.96;336.49;781.6
0;046;1;96;3501;0;4.36;23.12;58.75;116.33
0;046;2;291;19446;0;21.4;55.37;96.73;171.94
0;046;3;129;11843;9.2;39.64;76.21;111.92;264.37
0;046;4;13;3246;10.96;57;217.86;315.61;800.3
0;047;1;2234;106145;0.4;15.64;39.36;73.64;118.57
0;047;2;3289;190297;1.92;21.2;48.44;83.21;145.14
0;047;3;785;74294;7.2;39.64;81.84;130.13;232.11
0;047;4;48;9124;12.92;77.38;127.11;248.65;535.02
0;048;1;1051;48170;0;3.2;35.8;69.52;138.32
0;048;2;991;57393;0;3.2;42.28;86.17;175.78
0;048;3;885;84323;0;28.8;77.09;132.69;256.79
0;048;4;51;21399;64.16;147.21;285.83;586.04;1596.96
0;049;1;38;3754;0;23.84;82.02;118.16;281.2
0;049;2;282;35507;6.68;60.77;111.51;167.44;289.68
0;049;3;118;23267;3.36;82.52;168.64;249.83;619.77
0;049;4;61;37729;132.28;286.67;452.47;884.41;1524.63
0;050;1;151;11336;0;17.44;59.17;105.01;226.45
0;050;2;344;44065;0.4;51.09;108.28;176.02;337.05
0;050;3;193;38910;32;91.32;163.14;283.91;484.83
0;050;4;67;33911;78.72;225.45;363.44;638.64;1516.2
0;051;1;206;11210;0;18.2;47.06;76.66;140.77
0;051;2;159;19124;5.44;42.32;90.33;157.77;349.63
0;051;3;33;5952;10;76.76;127.79;241.29;608.05
0;051;4;5;4733;441.1;518.27;523.85;749.77;2499.97
0;052;1;921;30721;0;0;20.48;53.88;100.68
0;052;2;516;32848;0;12.34;48.14;91.66;183.42
0;052;3;571;74334;2.08;50.32;102.28;166.77;344.93
0;052;4;137;61672;32;136.24;286.16;553.94;1595.21
0;053;1;6077;172261;0;0;9.88;46.81;101.68
0;053;2;4851;245664;0;4.8;35.8;74.05;159.09
0;053;3;2737;229570;0;7.96;48.76;114.52;292.65
0;053;4;469;156399;13.28;89.16;210.59;379.6;1129.94
0;054;1;3049;97552;0;0;17.2;53.24;103.17
0;054;2;1371;62175;0;6.6;33.08;67.01;136.17
0;054;3;180;12897;0;9.88;46.81;100.92;209.35
0;054;4;14;3833;0;27.64;116.77;386.97;877.12
0;055;1;873;38264;0;5.76;35.16;66.53;124.81
0;055;2;1376;118391;0;28.46;66.94;112.46;247.6
0;055;3;790;116528;0;59.57;115.95;203.14;391.7
0;055;4;188;64815;22.88;132.14;269.46;447.71;976.5
0;056;1;102;2684;0;0;15.34;46.81;84.05
0;056;2;98;5163;0;9.24;44.74;74.2;171.7
0;056;3;45;4385;11.52;58.13;95.04;128.64;202.1
0;056;4;5;722;65.32;94.56;121.44;167.03;274.1
0;057;1;5285;106382;0;0;0;46.81;65.53
0;057;2;1356;50778;0;0;22.82;56.43;107.83
0;057;3;242;27606;0;34.6;82.71;160.54;316.1
0;057;4;40;9750;29.16;118.92;190.81;339.7;643.15
0;058;1;8448;195868;0;0;0;26.9;118.05
0;058;2;4320;223749;0;0;24.46;80.16;182.73
0;058;3;1832;221160;0;46.81;95.74;161.13;320.7
0;058;4;297;93324;34.52;120.97;207.52;374.46;978.98
0;070;1;264;2493;0;0;0;3.2;46.81
0;070;2;125;2349;0;0;1.2;14.44;103.9
0;070;3;33;3264;0;10.76;53.12;120.25;389.2
0;070;4;2;272;91.24;91.24;135.8;180.37;180.37
0;073;1;5524;26776;0;0;0;1.6;46.81
0;073;2;1810;15984;0;0;0;3.2;49.21
0;073;3;109;5196;0;0;7.12;54.28;252.3
0;073;4;18;4575;0;46.81;237.25;423.37;844.8
0;080;1;120;4146;0;9.01;21.2;58.97;101.73
0;080;2;260;15180;0;16.22;50.12;81.54;155.24
0;080;3;57;6643;0;47.84;103.65;137.49;286.46
0;080;4;5;1337;123.39;189.89;299.52;322.86;401.67
0;082;1;906;38962;0;0;28.38;67.37;140.54
0;082;2;1113;66650;0;12.4;46.81;88.88;171.42
0;082;3;293;30333;0.4;37.32;82.96;138.69;304
0;082;4;23;4897;16.92;94;198.58;301.82;452.76
0;089;1;791;6028;0;0;0;2.64;50.32
0;089;2;397;15627;0;0;1.6;46.81;178.8
0;089;3;208;47882;0;66.4;190.18;316.17;675.11
0;089;4;56;38081;144.32;362.89;529.36;961.05;1637.77
0;090;1;41;651;0;0;0;12.48;48.88
0;090;2;134;21213;0;46.81;126.5;211.68;469.54
0;090;3;70;17474;48.44;146;215.62;332.8;540.51
0;090;4;24;15841;196.12;337.33;484.01;646.86;2105.51
0;091;1;5;60;0;0;0;0;59.61
0;091;2;607;27040;0;0;0;46.81;236.64
0;091;3;76;17626;27.72;96.64;177.65;327.32;613.08
0;091;4;26;24200;349.97;507.76;871.48;1241.14;1965.43
0;092;1;3003;8719;0;0;0;0;14.12
0;092;2;1439;13122;0;0;0;6.48;49.2
0;092;3;148;6734;0;0;9.24;46.81;207.44
0;092;4;11;3950;0;151.64;217.04;644.39;939.41
0;093;1;2599;9125;0;0;0;0;17.12
0;093;2;376;4840;0;0;3.2;12.32;60.96
0;093;3;39;3567;0;8.08;50.52;106.57;470.47
0;093;4;4;2317;8.72;340.77;702.01;817.52;903.84
0;095;1;95;513;0;0;0;3.2;46.81
0;095;2;29;341;0;0;0;11.2;58.8
0;095;3;10;1818;0;0;43.78;202.75;957.96
0;097;1;3401;13403;0;0;0;0;34.12
0;097;2;635;10988;0;0;0;20.48;85.4
0;097;3;47;4183;0;0;36.88;116.69;375.57
0;097;4;7;2310;0;0.4;49.92;772.36;1236.4
0;098;1;7436;31580;0;0;0;0;25.88
0;098;2;1553;32823;0;0;0;14.16;107.08
0;098;3;235;30118;0;27.68;77.52;200.81;448.94
0;098;4;60;34803;146.47;285.37;454.83;689.38;1589.98
0;110;1;257;3796;0;0;0.8;18.4;74.4
0;110;2;471;16877;0;0;15.88;49.66;136.34
0;110;3;368;34229;0;23.74;60.58;117.98;309.07
0;110;4;98;21214;4.32;78.76;164.34;293.09;497.48
0;111;1;2345;80631;0;1.92;22.24;59.69;95.64
0;111;2;1848;91951;0;13.42;45.44;73.77;131.92
0;111;3;373;31286;3.16;32.32;66.28;117.14;226.93
0;111;4;15;3409;0.4;68.32;156.29;357.2;693.51
0;113;1;7077;234618;0;4.64;21.6;56.95;92.65
0;113;2;6071;244488;0;8.8;27.36;63.96;110.76
0;113;3;1272;107832;2;29.92;62.73;105.58;240.16
0;113;4;155;47251;19.2;73.44;163.88;376.33;952.2
0;114;1;1572;30826;0;0;3.28;32.6;75.81
0;114;2;1019;39916;0;2.16;24.2;61.33;118.89
0;114;3;319;32132;0;41.72;82.48;139.04;234.31
0;114;4;73;21931;12.24;107.65;230.93;411.5;712.49
0;115;1;35268;76403;0;0;0;0;16.92
0;115;2;11825;59015;0;0;0;0;35.76
0;115;3;590;29631;0;0;4.72;84.52;202.19
0;115;4;84;16092;6.16;71.94;158.04;267.49;487.59
0;120;1;695;18750;0;0;0;46.81;113.81
0;120;2;1257;54829;0;0;0;62.09;175.41
0;120;3;696;165443;38.32;102.2;164.05;267.27;725.2
0;120;4;414;371506;91.56;281.61;634.78;1211.32;2451.25
0;121;1;761;37626;0;11.12;33.88;68.89;145.49
0;121;2;1416;129302;0;25.54;65.78;122.74;256.74
0;121;3;1085;258724;22.08;85.52;158.78;284.43;698.16
0;121;4;672;675905;121.52;290.94;555.07;1251.54;3328.1
0;130;1;45;39633;314.64;524.88;705.32;1002.25;2254.75
0;130;2;293;231332;231.68;469.53;682.2;1004.16;1693.74
0;130;3;868;853945;304.77;595.05;864.6;1255.17;2071.49
0;130;4;1028;1323508;372.85;708.96;1105.4;1663.64;2734.28
0;131;1;27;1469;2.8;30.48;52.32;78.85;113.04
0;131;2;205;14971;5.04;43.25;67.92;100.69;150.57
0;131;3;337;36797;24.52;60.93;87.84;126.6;207.8
0;131;4;68;13634;32.04;69.46;129.16;216.62;631.2
0;132;1;9;188;0;0;5.64;53.28;59.61
0;132;2;32;520;0;0;0;20.02;70.48
0;132;3;45;1372;0;0;16.01;46.81;117.28
0;132;4;7;2114;43.88;83.21;105.96;541.84;1062
0;133;1;11;216;0;0;16.52;35.04;54.36
0;133;2;1278;116749;0;25.36;68.16;121.02;263.91
0;133;3;2111;334063;6.32;64.96;120.96;199.7;432.33
0;133;4;636;191927;21.76;112.26;203.89;376.17;901.33
0;134;1;1083;63393;0;17.95;46.81;86.61;152.18
0;134;2;2154;178461;3.2;35.2;71.66;115.49;204.41
0;134;3;1763;229160;14.12;58.96;109.28;170.52;300.04
0;134;4;380;93425;20.72;85.24;176.14;328.38;661.35
0;135;1;1229;62414;0;9.04;46.81;72.57;144.6
0;135;2;805;49910;0;13.28;47.72;85.37;185.08
0;135;3;912;111517;9.16;53.8;99.19;168.4;296.7
0;135;4;153;44110;45.62;124;232.58;394.53;718.21
0;136;1;436;13252;0;0;15.4;40.84;101.21
0;136;2;2200;117455;0;12.44;36.42;77.53;158.56
0;136;3;3023;320918;5.16;40.52;85.12;142.13;270.46
0;136;4;554;127170;23.84;89.94;168.77;295.05;663.07
0;137;1;717;64343;0;27.84;72.25;125.29;228.33
0;137;2;1813;215818;11.52;55.96;102.09;154.84;291.76
0;137;3;3685;594684;21.72;74.36;126.77;201.44;401.68
0;137;4;1256;406824;40.24;112.01;209.36;391.48;1006.66
0;138;1;1821;37390;0;0;9.35;32.91;69.09
0;138;2;1404;46783;0;3.2;18.02;51.56;101.45
0;138;3;806;36993;0;7.16;24.32;61.89;147.52
0;138;4;67;11182;18.6;43.91;120.76;240.65;446.44
0;139;1;8795;639519;0;25.76;60.92;101.81;174.24
0;139;2;14757;1515056;9.6;46.81;86.41;137.36;240.53
0;139;3;22174;3302359;17.96;66.04;115.53;183.98;395.03
0;139;4;4827;1411326;37.44;109.88;199.09;359.58;861.84
0;140;1;1879;112917;0;15.32;46.48;85.01;151.02
0;140;2;5434;416824;0.8;28;62.54;104.57;189.22
0;140;3;10550;1187201;11.16;46.44;89.86;144.97;284.03
0;140;4;3453;803890;31.44;90.68;166.01;298.3;668.68
0;141;1;1421;58321;0;3.2;38.6;67.21;107.77
0;141;2;927;53350;0;17.08;49.32;84.69;154.48
0;141;3;700;49719;0;20.92;55.46;98.04;192.75
0;141;4;58;12565;11.6;73.53;143.73;263.84;824.74
0;142;1;298;26086;0;20.96;65.06;119.94;232.32
0;142;2;612;70482;3.32;32.8;84.2;143.89;337.61
0;142;3;656;98759;9.6;53.87;113.74;195.92;408.47
0;142;4;151;54252;43.36;140.89;289.92;463.96;910.69
0;143;1;1340;41068;0;0;12.44;49.29;94.07
0;143;2;1657;99427;0;6.92;45.6;84.89;181.69
0;143;3;1336;160463;0;42.44;86.9;152.98;334.84
0;143;4;415;117087;16.88;109.8;196.21;350.4;825.76
0;144;1;7743;227597;0;0;4.64;48.68;112.89
0;144;2;6396;434292;0;16.72;51.61;95.44;190.84
0;144;3;3263;349021;3.2;41.48;80.64;139.7;278.9
0;144;4;389;99415;18.92;91.32;168.22;298.96;736.64
0;160;1;9;448;0;10;13.28;33.6;283.84
0;160;2;10;2707;24.92;159.04;234.2;434.08;521.93
0;160;3;30;12996;28.88;321.76;385.52;494.53;928.35
0;160;4;17;17298;110.12;375.12;674.81;1584.13;2855.45
0;161;1;1259;42406;0;3.2;17.72;38.44;124.56
0;161;2;249;37043;2;29.48;71.61;185.26;504.62
0;161;3;95;55813;76;285.81;450.69;780.6;1299.39
0;161;4;48;83571;218.6;544.65;1150.43;2467.37;4880.8
0;162;1;28;8746;35.6;244.25;283.74;395.68;549.36
0;162;2;105;36965;177.25;220.06;301.16;447.32;669.2
0;162;3;180;97097;171.02;356.98;462.43;652.35;1033.31
0;162;4;185;201450;411.17;599.85;859.96;1358.71;2776.94
0;163;1;198;22998;0;0;46.81;242.36;338.29
0;163;2;1132;176387;0;0;120.26;271.32;449.04
0;163;3;1036;392159;144.52;252.9;329.46;448.11;760.32
0;163;4;304;308025;266.56;459.94;719.18;1258.54;2673.26
0;165;1;6;1724;159.81;184.6;276.98;396.4;428.97
0;165;2;482;152621;158.96;230.8;302.39;381.21;533.34
0;165;3;319;149206;207.15;318.33;422.09;564.2;880.3
0;165;4;143;136024;311.08;520.53;720.84;1132.92;2090.59
0;166;1;332;9353;0;0;0;46.81;168.59
0;166;2;1657;61180;0;0;0;46.81;229.44
0;166;3;1344;463929;153.72;244.64;315.72;403.96;645.28
0;166;4;245;204183;241;404.52;580.92;1018.81;2245.12
0;167;1;951;46115;0;4.72;16.72;43.08;237.4
0;167;2;792;99300;0;14.04;71.42;204.2;386.24
0;167;3;772;203045;14.68;116.36;220.5;357.62;640.9
0;167;4;288;240527;142.04;333.41;565.83;1111.73;2226.88
0;169;1;335;18299;0;9.52;30.48;84.09;174.57
0;169;2;718;72630;1.28;28.28;71.96;140.32;294.76
0;169;3;397;107933;26.4;109.08;198.76;352.64;799.25
0;169;4;256;208604;114;338.96;598.2;1044.39;2284.42
0;170;1;27;805;0;0;7.2;34.4;165.85
0;170;2;225;12678;0;0.4;23.8;76.05;203
0;170;3;134;20906;17.64;65.64;131.19;215.84;389.77
0;170;4;20;13266;111.45;401.22;636.46;846.8;1413.29
0;171;1;2816;29787;0;0;0;6.28;48.8
0;171;2;2638;59213;0;0;0;46.81;97.29
0;171;3;973;123455;9.6;45.24;98.12;163.16;361.58
0;171;4;138;55916;57.48;169.57;295.32;484.52;1103.72
0;174;1;3308;61230;0;0;0;46.81;63.53
0;174;2;3609;79941;0;0;0;46.81;89.41
0;174;3;1407;207641;18.2;71.8;114.96;191.93;382.88
0;174;4;534;280742;63.77;198.88;371.11;648.77;1581.14
0;175;1;13862;48190;0;0;0;0;33.28
0;175;2;8810;62343;0;0;0;0;46.81
0;175;3;2586;214072;1.2;24.72;50.6;106.84;251.35
0;175;4;1093;316259;42.6;101.84;159.24;325.52;962.08
0;176;1;644;10399;0;0;11.3;23.3;52.01
0;176;2;845;18240;0;1.6;17.2;28.4;70.61
0;176;3;492;24676;0;8.8;22.5;45.62;217.2
0;176;4;14;6714;170.33;264.14;372.43;451.28;2127.18
0;177;1;416;11948;0;1.92;17.64;39.32;98.64
0;177;2;167;9726;0;16.04;36.16;87.84;162.92
0;177;3;92;8736;0;9.96;50.52;140.7;377.74
0;177;4;26;15097;89.76;202;391.08;773.02;1876.4
0;180;1;1118;8351;0;0;0;0;46.81
0;180;2;277;18913;0;7.6;35.92;101.36;226.19
0;180;3;400;74871;1;55.75;145.26;254.67;549.8
0;180;4;150;86876;107.42;237.86;385.07;659.73;1568.66
0;181;1;7234;114205;0;0;6.08;17.44;66.25
0;181;2;5865;252244;0;5.12;17.04;54.81;165.6
0;181;3;1954;284830;2.4;25.2;89.78;196.92;480.92
0;181;4;391;219955;72.6;243.84;415.52;729.43;1631.58
0;182;1;1282;40649;0;0;11.36;46.24;124.8
0;182;2;1725;86296;0;5.36;21.12;69.72;176.17
0;182;3;728;92498;0.4;16.22;71.36;172.28;422.29
0;182;4;237;148444;56.36;252.8;451.24;852.48;1625.71
0;190;1;1496;74347;0;15.66;39.66;77.67;126.93
0;190;2;2823;176893;0.8;21.12;48.52;88.57;168.17
0;190;3;1233;146192;0.8;46.2;90.76;154.66;313.44
0;190;4;315;104854;15.56;100.41;226.33;445.11;964.33
0;191;1;4497;35625;0;0;0;0;46.81
0;191;2;3947;40373;0;0;0;1.2;46.81
0;191;3;502;34238;0;20.44;36.42;79.89;205.54
0;191;4;32;9726;10.32;74.82;227.1;353.64;820.89
0;192;1;3633;109103;0;6.64;22.72;36.84;93.69
0;192;2;4451;252999;0;20.36;36.4;74.25;161.64
0;192;3;2005;275634;16.76;51;98.17;167.88;363.92
0;192;4;371;149878;69.24;174.8;283.04;551.28;1112.69
0;193;1;15;2297;6.4;64.41;138.12;203.8;456.37
0;193;2;54;8941;6.16;106.44;153.47;213.08;387.12
0;193;3;97;28019;57.4;145.54;256.04;394.17;610.97
0;193;4;50;14842;63.2;155.56;283.1;395.02;698.05
0;194;1;1195;82208;4.64;27;58.85;96.24;157.93
0;194;2;8360;772781;12.82;44.2;80.2;123.75;215.39
0;194;3;9650;1392725;24.72;72.32;119.8;187.2;341.98
0;194;4;1875;561609;42.08;125.53;214.51;374.62;845.73
0;196;1;174;2587;0;0;0;19.92;72.73
0;196;2;245;19349;0;0;11.12;67.04;162.69
0;196;3;343;49983;0;25.36;96.17;204.91;510.65
0;196;4;190;65337;0;105.89;243.21;437.28;1101.07
0;197;1;769;27331;0;0;15.8;50.24;120.32
0;197;2;1491;86158;0;13.04;41.88;81.69;177.05
0;197;3;1413;136587;0;30.28;70.21;125.25;279.51
0;197;4;248;61252;13.64;89.67;158.46;314.87;689.84
0;198;1;1345;49066;0;5.6;26.08;60.81;101.37
0;198;2;1390;70440;0;12.92;38.7;76.33;133.61
0;198;3;413;39431;1.2;32.92;72;128.01;273.45
0;198;4;61;16161;0.8;90.36;183.96;330.22;878.02
0;199;1;724;33215;0;9.56;31.68;68.59;127.61
0;199;2;856;56910;0;21.74;56.18;95.29;171.7
0;199;3;363;41359;6.8;52.32;85.88;142.57;291.51
0;199;4;44;13270;56.41;109.78;208.72;340.78;1209.32
0;200;1;153;5334;0;3.2;27.28;48.64;101.73
0;200;2;434;29705;0;21.6;45.06;84.77;209.2
0;200;3;289;30821;6.6;41.2;91.97;138.08;273.73
0;200;4;60;15388;21.4;94.5;177.74;378.24;717.64
0;201;1;5707;189814;0;6.08;23.36;52.41;92.37
0;201;2;6493;326093;0;14.6;37.04;74.81;134.21
0;201;3;2377;224452;6.08;38;77.01;126.96;241.4
0;201;4;366;111710;34.52;120;182.63;366.33;958.34
0;203;1;1927;75076;0;9.24;29.28;63.12;99.97
0;203;2;1210;60342;0;14.4;41.22;74.81;125.78
0;203;3;164;12359;10.08;29.56;60.61;99.99;189.06
0;203;4;5;860;0;19.44;112.73;139.09;588.89
0;204;1;3225;116923;0;3.2;25.64;59.93;101.25
0;204;2;4181;244561;0;17.52;48.32;85.37;150.49
0;204;3;1319;131130;6.56;40.04;79.49;135.68;256.32
0;204;4;134;25067;28.88;90.32;157.75;248.65;445.76
0;205;1;32;1962;0;14.86;43.63;89.27;187.33
0;205;2;129;11733;0;24.76;73.25;112.21;183.7
0;205;3;115;15999;12.44;57.05;100.5;167.41;386.02
0;205;4;19;8411;108.48;213.02;359.78;632.77;1205.7
0;206;1;119;4119;0;0;17.56;55.32;121.68
0;206;2;499;30216;0;11.4;41.04;83.6;201.53
0;206;3;327;41919;0;40.44;86.72;179.69;398.98
0;206;4;104;37385;50.68;152.68;274.5;432.26;835.32
0;207;1;1632;92922;0;14.58;46.2;84.57;150.84
0;207;2;1474;117761;0;21.84;59.78;115.2;208.53
0;207;3;937;121159;10.32;54.88;101.97;165.83;338.46
0;207;4;235;73742;36.56;117.96;233.65;395;820.28
0;220;1;1011;21110;0;0;6.6;24.88;86.48
0;220;2;526;46779;0;16.36;62.28;128.57;250.45
0;220;3;935;185342;12.24;85.88;156.17;251.13;535.97
0;220;4;366;284801;161.28;332.62;570.54;971.25;2201.74
0;221;1;5183;179180;0;9.6;21.36;48.16;104.92
0;221;2;5012;353274;4.16;22.46;48.86;93.45;203.04
0;221;3;3033;582672;26.64;83.92;149.49;249.36;512.77
0;221;4;1210;849894;135.05;293.96;510.5;890.92;1944.73
0;222;1;1762;35051;0;0;6.28;23.44;79.17
0;222;2;1317;50830;0;3.2;16.72;58.01;142.89
0;222;3;580;78953;6.4;47.18;97.02;180.42;382.97
0;222;4;267;151744;74.12;207.88;411.53;786.73;1462.7
0;223;1;1550;44732;0;4.64;14.6;39.04;101.21
0;223;2;1402;79527;0;13.72;36.9;78.77;176.81
0;223;3;696;94697;14.08;56.78;106.04;178.85;382.77
0;223;4;208;106206;69;196.08;335.78;673.01;1370.4
0;224;1;789;24348;0;0;14.88;52;102.21
0;224;2;459;31372;0;16.32;50.01;91.77;201.26
0;224;3;203;26833;13.84;56.88;107.28;179.32;323.36
0;224;4;82;48909;68.2;202.8;343.69;673.6;1723.01
0;225;1;7459;112431;0;0;0;46.81;46.81
0;225;2;4758;197457;0;8.96;31.36;63.61;110.21
0;225;3;247;23860;0;31.84;67.93;134.05;300.08
0;225;4;37;18937;75.08;196.08;249.48;602.92;1522.73
0;226;1;4002;59996;0;0;1.2;16.12;68.53
0;226;2;559;19166;0;1.28;13.36;55.56;114.85
0;226;3;98;10761;0.8;25.6;82.08;169.12;341.27
0;226;4;21;9523;90.88;243.64;340.81;408.37;541.08
0;227;1;3906;31021;0;0;0;6.4;46.81
0;227;2;1701;34126;0;0;5.6;21.84;90.36
0;227;3;252;31083;0;23;73.2;158.56;437.89
0;227;4;48;16616;57.36;153.82;269.48;461.86;885.4
0;228;1;7817;18172;0;0;0;0;10.32
0;228;2;2410;25614;0;0;0;6.8;59.25
0;228;3;205;14739;0;7.2;40.72;104.2;245.15
0;228;4;42;15919;104.76;159.48;291.98;471.13;877.6
0;229;1;936;31682;0;0;12.34;52.11;113.93
0;229;2;970;56210;0;9.2;32.08;79.56;192.67
0;229;3;661;112174;7.96;61.12;126.52;219;461.64
0;229;4;251;132654;64.36;194.32;383.53;642.44;1535.09
0;240;1;787;22064;0;0.96;14.52;37.92;100.73
0;240;2;2204;107893;0;11.7;30.92;70.85;153.72
0;240;3;2115;207535;2.4;33.6;77.37;136.68;263.1
0;240;4;420;87139;24.94;96.06;154.46;264.64;487.82
0;241;1;1930;78375;0;8.12;29;64.93;112.17
0;241;2;2221;140729;0;19.96;51.61;90.01;167.64
0;241;3;1384;165438;14.08;58.22;98.56;158.14;295.29
0;241;4;193;62622;53.48;147.49;254.81;399.08;815.92
0;242;1;114;4796;0;7;28.38;63.93;111.69
0;242;2;238;15808;0;17.28;48.66;95.76;191.66
0;242;3;206;23608;0;41.52;100.64;167.73;273.28
0;242;4;46;13163;36.88;127.2;226.28;371;757.73
0;243;1;2238;53514;0;0;11.98;44.6;82.53
0;243;2;1822;79992;0;8.72;28.38;65.41;130.76
0;243;3;759;65845;3.6;27.88;66.96;120.88;231.35
0;243;4;111;28947;10.56;112.2;197.28;324.24;718.98
0;244;1;4046;183438;0;13.12;36.12;70.36;111.7
0;244;2;3018;189946;1.2;22.96;53.4;91.21;154.66
0;244;3;929;109496;17.32;56.2;97.17;154.6;284.52
0;244;4;110;36390;70.05;157.56;230;393.09;944.29
0;245;1;1205;66199;0;15.28;46.24;81.53;145.97
0;245;2;1142;89557;0;32.11;65.14;108.88;195.81
0;245;3;406;52884;17.36;64.93;108.5;167.04;285.01
0;245;4;111;29386;36.32;101.57;164.08;319.92;835.6
0;246;1;323;18329;0.96;20.04;47.56;83.13;150.17
0;246;2;491;35234;3.6;30.72;62.96;102.01;165.41
0;246;3;320;38750;0;49.18;94.96;160.43;316.37
0;246;4;63;23116;3.2;118.01;194.73;401.6;1464.84
0;247;1;2294;83912;0;9.28;25.82;58.6;98.56
0;247;2;2781;167219;0;20.16;51;84.64;156.62
0;247;3;1440;150073;9.6;45.62;87.48;142.35;263.49
0;247;4;268;61865;28.84;95.42;167.08;270.96;636.48
0;248;1;1313;83896;6.32;26.48;56.72;87.88;147.33
0;248;2;1714;137416;8.12;33.04;70.41;109.41;192.44
0;248;3;816;119758;27.32;79.94;127.29;187.58;337.46
0;248;4;163;57718;57.64;167.73;281.37;502.08;821.37
0;249;1;7309;298681;0;10;30.08;64.32;108.65
0;249;2;7582;434343;0;17.32;46.81;81.49;153.47
0;249;3;2639;281876;12.4;49.12;88.92;139.3;265.56
0;249;4;298;86339;31.16;116.05;203.47;366.76;810.18
0;251;1;2371;82869;0;8.08;24.16;57.45;95.89
0;251;2;1469;73251;0;13.64;39.6;73.09;139.41
0;251;3;318;26681;8.6;35.88;68.04;106.88;226.13
0;251;4;18;4175;20.4;79.89;182.78;265.13;922.85
0;252;1;556;20157;0;8.62;26.02;60.87;93.62
0;252;2;1037;48543;0;12.48;37.04;66.81;129.09
0;252;3;512;43440;3.36;29.64;65.38;111.42;231.48
0;252;4;106;24689;0;69.04;142.25;301.61;633.02
0;253;1;472;20419;0;9.18;30.82;69.52;115.16
0;253;2;1178;84779;3.36;24.92;61.2;100.88;186.02
0;253;3;781;91098;8.48;50.08;93.97;153.2;301.02
0;253;4;160;43225;28.86;93.34;196.32;324.04;854.11
0;254;1;8891;262126;0;0;15.2;47.96;96.45
0;254;2;4754;214885;0;7.2;28.26;67.13;140.74
0;254;3;2044;182909;0.8;28.32;70.86;124.54;240.98
0;254;4;280;81576;22.5;106.84;201.95;333.89;851.91
0;260;1;542;34744;0;19.96;42.5;85.13;193.52
0;260;2;1075;119888;9.24;35.96;84.12;154.41;313.96
0;260;3;723;185071;28;141.28;210.88;312.12;621.37
0;260;4;298;292200;153.72;370.32;651.38;1270.35;2941.43
0;261;1;334;15193;0;12;26.1;60.84;152.88
0;261;2;703;55741;3.92;25;63.52;110.28;214.01
0;261;3;533;89534;22.44;85.09;144.93;221.25;397.73
0;261;4;168;103361;113.36;277.94;460.7;813.27;1723.48
0;262;1;102;2897;0;3.2;15;33.6;93.49
0;262;2;133;7561;0;21.44;40.8;81.05;154.8
0;262;3;86;14703;20.8;56.08;115.32;189.8;661.36
0;262;4;46;40952;126.73;271.35;638.06;1139.76;1967.2
0;263;1;10637;47648;0;0;0;0;46.81
0;263;2;5514;172991;0;0.4;12.48;46.81;117.57
0;263;3;784;82032;0;31.44;75.54;133.87;285.53
0;263;4;91;55744;49.4;167.6;335.32;640.48;2012.98
0;264;1;566;36455;0;17.28;44.5;92.88;175.76
0;264;2;859;75916;0.8;28.56;67.37;121.61;238.77
0;264;3;838;158695;24.8;88.52;146.83;232.25;483.3
0;264;4;311;206926;128.01;260.12;482.08;863.06;1803.96
0;279;1;126;9851;0;17.16;54.62;118.8;201.48
0;279;2;395;39717;9.6;46.24;78.05;129.24;272.35
0;279;3;688;106195;16.4;69.74;122.74;204.6;393.43
0;279;4;169;79552;73.92;189.76;342.36;606.44;1675.65
0;280;1;236;21479;0;30.94;65.88;107.66;208.18
0;280;2;1139;124861;10.48;43.2;87.65;144.68;268.52
0;280;3;1645;298119;27.2;83.37;142.44;222.47;449.61
0;280;4;436;215244;69.8;189.56;339.89;624.69;1482.28
0;281;1;402;19081;0;9.2;23.62;56.45;146.72
0;281;2;1495;90085;0;16.2;40.32;78.93;171.05
0;281;3;1779;177418;5.76;36.12;78.97;130.92;249.68
0;281;4;410;87255;23.15;87.12;158.97;271.97;597.82
0;282;1;2250;150487;9.76;29.28;59.53;91.45;153.33
0;282;2;2720;236927;13.12;41.64;73.37;112.77;207.83
0;282;3;1116;169238;25.52;68.77;122.24;192.82;378.14
0;282;4;230;105003;71.92;173.34;307.28;566.7;1291.02
0;283;1;541;30371;0;11.63;34.92;85.51;169.85
0;283;2;911;90142;1.6;25.88;72.32;130.33;253.28
0;283;3;721;117960;17.8;67.87;124.8;205.53;399.59
0;283;4;147;58002;44.48;132.92;284.87;487.97;1156
0;284;1;3167;165002;3.2;18.08;39.72;77.17;135.44
0;284;2;4040;317869;9.12;30.18;64.82;110.63;192.37
0;284;3;1963;257236;22.12;68.01;114.22;169.81;296.37
0;284;4;360;95398;46.18;126.18;218.91;334.53;632.3
0;301;1;13059;369451;0;0;0;38.76;138.37
0;301;2;10973;503142;0;0;2.48;56.77;208.94
0;301;3;1519;236183;9.48;59.84;121.04;204.64;428.99
0;301;4;515;208617;71.36;181.25;303.59;496.13;1094.66
0;302;1;14478;92075;0;0;0;0;46.81
0;302;2;5385;123909;0;0;0;27.88;113.41
0;302;3;440;70428;5.6;37.88;102.51;204.35;530.33
0;302;4;66;40207;61.52;166.68;361.86;676.99;2257.21
0;303;1;131;9015;1.76;22.4;58.04;94.56;163.45
0;303;2;97;9931;10.76;40.68;84.41;133.2;305
0;303;3;39;8209;66.32;114.93;194.61;294.29;444.21
0;303;4;4;786;101.28;146.86;199.13;246.04;286.28
0;304;1;3928;54967;0;0;6.54;16.6;57.37
0;304;2;1519;46457;0;0;12.24;38.72;121.68
0;304;3;486;66931;0;30.72;84.52;181.26;446.78
0;304;4;66;47257;140.81;333.21;646.78;919.9;1868.48
0;305;1;75;4052;0;10;36.6;66.65;202.52
0;305;2;321;40622;13.16;34.24;85.8;171.66;362.07
0;305;3;428;120596;38.24;127.72;222.02;354.42;761.13
0;305;4;274;190379;132.68;310.2;515.62;858.86;1865.93
0;308;1;3325;205155;0.8;20.04;51.04;85.57;164.25
0;308;2;4445;459000;14.08;48.1;86.37;139.73;245.23
0;308;3;2371;416519;34.24;91.57;145.57;226.93;414.24
0;308;4;555;210070;76.72;166.57;284.66;478.34;999.88
0;309;1;1559;20199;0;0;0;6.72;78.08
0;309;2;834;55285;0;3.2;40.04;94.69;236.21
0;309;3;408;75536;4.16;84;142.88;253.19;457.09
0;309;4;88;42209;59.18;174.65;364.22;622.07;1175.12
0;310;1;10229;76730;0;0;0;6.32;46.81
0;310;2;3109;59783;0;0;3.6;19.76;87.53
0;310;3;513;51978;0;9.76;52;128.82;387.91
0;310;4;70;46354;91.84;274.95;450.12;742.25;1465.98
0;312;1;227;4895;0;0;0.4;18.32;78.12
0;312;2;143;13532;0;5.12;46.81;99.04;457.88
0;312;3;101;23278;27.36;95.52;165.29;321.67;627.64
0;312;4;34;38158;97.08;352.86;653.55;1419.44;4130.56
0;313;1;10356;111690;0;0;0;7.68;61.17
0;313;2;3743;146272;0;0;10.32;56.41;159.3
0;313;3;452;75444;0;53.74;126.39;224.15;465.95
0;313;4;130;71732;91.16;202.06;409.57;654.44;1728.72
0;314;1;4449;10686;0;0;0;0;10.72
0;314;2;5212;49717;0;0;0;0.8;53.61
0;314;3;924;64099;0;0;16.2;87.68;320.62
0;314;4;219;71266;27.2;113.8;250.12;399.49;993.5
0;315;1;17880;139723;0;0;0;3.2;53.21
0;315;2;8768;269613;0;0;10.08;46.81;123.95
0;315;3;822;107624;1.6;50.72;103.77;175.56;345.9
0;315;4;135;55676;30.56;164.48;341.61;526.29;1056.53
0;316;1;2972;25567;0;0;0;3.2;54.57
0;316;2;584;14223;0;0;2.28;33.56;112.69
0;316;3;79;5792;0;5.52;50.04;108.2;271.48
0;316;4;9;2524;0;245.1;272.16;360.54;515.97
0;317;1;4877;33412;0;0;0;1.12;46.81
0;317;2;622;30172;0;0;11;62.96;200.4
0;317;3;171;35705;0;78.2;154.49;254.28;682.12
0;317;4;50;39440;76.4;234.8;469.21;1003.06;2071.45
0;320;1;6430;60704;0;0;0;6.64;53.69
0;320;2;2121;79212;0;0;10.8;50.01;157.52
0;320;3;347;49996;0;40.96;96.93;200.17;426.37
0;320;4;62;35693;65.76;211;410.66;760.74;1245.01
0;321;1;3975;31132;0;0;0;6.44;46.81
0;321;2;1291;31423;0;0;0.8;19.2;123.62
0;321;3;182;26046;0;22.68;90.19;206.8;454.69
0;321;4;49;21179;18.4;199.7;370.13;558.71;1216.31
0;322;1;658;12519;0;2.08;7.54;19.32;83.41
0;322;2;324;14930;0;8;21.62;63.74;178.52
0;322;3;78;12880;12.64;65.52;117.46;210.88;487.96
0;322;4;9;3036;0;140.2;348.73;464.28;659.38
0;340;1;238;9659;0;1.44;25.26;63.53;121.86
0;340;2;718;49923;0;18.2;58.89;101.45;188.29
0;340;3;425;51824;8.72;57.32;97.97;164.33;302.18
0;340;4;84;18592;33.88;80.82;170.43;333.41;551.44
0;341;1;384;17962;0;5.2;34.48;66;152.9
0;341;2;1191;90756;0;22.48;62.25;111.53;194.03
0;341;3;1374;166144;8.56;54.81;102.03;156.64;308.88
0;341;4;141;31059;45.4;112.36;169.09;262.9;560.36
0;342;1;3370;80035;0;0;3.2;46.81;79.85
0;342;2;2183;145083;0;14.08;53.37;94.82;191.02
0;342;3;1080;135927;8.02;55.74;105.47;167.68;323.24
0;342;4;148;35719;32.12;96.92;190.34;300.64;649.72
0;343;1;231;5861;0;0;8.92;43.72;96.29
0;343;2;582;36326;0;13.16;46.81;87.09;175.75
0;343;3;947;106878;8.88;44.56;87.6;156.78;298.34
0;343;4;120;32632;35.1;109.3;175.96;359.52;823.94
0;344;1;305;21951;3.2;27.56;54.51;98.68;200.96
0;344;2;553;52531;6.08;34.16;79.01;128.52;257.82
0;344;3;397;76979;25.6;96.61;163.49;263.2;427.41
0;344;4;94;33868;66.92;192.08;266.06;490.81;846.82
0;346;1;984;61881;0;15.76;47.37;87.73;175.01
0;346;2;1009;100559;3.2;35.12;77.32;135.53;266.4
0;346;3;631;99237;12.84;67.01;120.14;208.45;407.17
0;346;4;125;57564;28.24;174.41;333.42;564;1382.62
0;347;1;6336;224799;0;0;20.18;56.28;112.21
0;347;2;4220;292006;0;20.88;55.4;97.33;185.1
0;347;3;2342;287481;7.89;53;100.42;162.86;311.02
0;347;4;266;77835;50.8;130.06;219.05;357.49;734.75
0;349;1;740;15527;0;0;5.28;44.02;75.25
0;349;2;860;49318;0;12.56;46.1;81.52;166.32
0;349;3;327;41943;6.4;61.61;108.69;174.38;333.76
0;349;4;41;13605;27.6;145.24;249.94;382;771.1
0;351;1;3042;105424;0;0;17.24;56.45;118.5
0;351;2;4093;311214;0;25.2;61.76;105.85;201.6
0;351;3;2271;294557;14.6;60.24;105.61;170.62;326.69
0;351;4;339;94583;42.16;123.49;213.36;343.95;761.93
0;361;1;2527;23906;0;0;0;5.6;53.77
0;361;2;877;39839;0;0;6.72;49.21;202.2
0;361;3;328;63035;2.08;65.43;132.94;254.5;509.58
0;361;4;57;29611;108.08;250.88;462.31;687.77;1276.17
0;362;1;3359;30755;0;0;0;6.48;50.01
0;362;2;1299;26748;0;0;4.64;26.68;92.73
0;362;3;51;4013;0;7.84;43.24;118.92;255.27
0;362;4;5;1613;62.92;89.52;168.06;386.74;905.57
0;363;1;10128;37947;0;0;0;0.4;22.16
0;363;2;1752;28738;0;0;2;16.56;82.41
0;363;3;252;16267;0;12.6;41.34;93.99;195.32
0;363;4;2;2393;238.16;238.16;1196.49;2154.83;2154.83
0;364;1;3579;42047;0;0;0;10.08;64.13
0;364;2;1277;62504;0;2.4;20;64.05;175.57
0;364;3;488;72611;4.4;52;117.02;196.96;385.87
0;364;4;88;45012;55.76;220.69;368.38;701.66;1318.52
0;380;1;106;6454;0;11.76;44.96;88.09;189.38
0;380;2;583;49890;8.08;38.44;72.77;114.88;207.46
0;380;3;649;100880;25.72;79.2;132.88;194.09;358.51
0;380;4;97;31693;43.88;139.97;257.66;426.44;702.56
0;381;1;156;5794;0;0;16.14;64.34;111.89
0;381;2;235;17947;0;22.31;63.64;108.57;230.08
0;381;3;146;22142;7.8;55.72;114.5;199.89;418.24
0;381;4;30;10270;16.8;86.64;183.02;524.33;970.24
0;382;1;43;1034;0;0;6.76;44.56;93.21
0;382;2;265;15140;0;10.84;44.56;82.52;176.13
0;382;3;378;42644;1.76;50.12;95.56;154.41;270.2
0;382;4;80;17932;19.22;83;167.22;278.69;697.94
0;383;1;3778;146229;0;7.12;25.62;61.25;112.13
0;383;2;3473;276207;5.36;30.72;67.16;109.78;195.28
0;383;3;1878;258618;23.96;73.92;117.48;178.09;311.51
0;383;4;306;99874;54.29;149.68;257.45;417.4;838.13
0;384;1;2001;49025;0;0;10.04;46.81;86.49
0;384;2;2178;138973;0;16.56;51.44;92.4;176.18
0;384;3;1206;148282;9.44;56.76;106.17;163.82;290.03
0;384;4;134;30268;26.12;108.36;184.6;323.47;575.5
0;385;1;2375;50744;0;0;4.72;30.6;88.28
0;385;2;785;44552;0;5.12;37.88;83.69;183.76
0;385;3;334;41313;5.04;46.72;93.69;159.08;344.99
0;385;4;32;7919;13.64;52.56;162.51;355.86;928.49
0;401;1;286;20405;4.64;19.32;52.36;101.24;183.64
0;401;2;186;26042;49.28;81.84;118.5;176.44;289.65
0;401;3;79;17492;25.36;108.96;166.01;281.69;594.77
0;401;4;12;10224;73.49;313.4;669.45;1097.86;2370.67
0;403;1;7625;12848;0;0;0;0;7.6
0;403;2;1905;5974;0;0;0;0;22.72
0;403;3;105;13651;0.4;16.8;69.4;145.2;381.53
0;403;4;32;27953;41.84;266.36;677.94;1188.7;2203.69
0;404;1;3626;11832;0;0;0;0;21.44
0;404;2;1483;15395;0;0;0;5.92;50.33
0;404;3;124;13694;4.56;20.08;76.04;137.06;369.26
0;404;4;16;8714;17.16;155.66;269.77;575.81;3380.07
0;405;1;87;3278;0;0;16;60.44;145.01
0;405;2;92;9844;0;22.52;85.12;172.55;290.58
0;405;3;97;27636;24.2;149.52;235.36;368.28;789.17
0;405;4;69;47546;121.12;300.76;503.24;825.77;1935.27
0;420;1;4575;299665;2.96;30.4;53.84;87.49;166.05
0;420;2;2301;255282;10.32;49.12;93.12;149.57;268.29
0;420;3;1283;209294;21.8;75.49;132.25;212.16;409.17
0;420;4;241;100746;63.36;161.8;288.84;517.97;1226.6
0;421;1;1850;57090;0;0;13.4;47.36;113.43
0;421;2;1770;105620;0;15.88;48.44;83.97;169.38
0;421;3;1278;135699;3.2;38.08;85.27;144.2;281.01
0;421;4;121;37658;26.16;108.45;215.31;407.92;937.15
0;422;1;492;19019;0;8.72;22.44;62.74;106.24
0;422;2;1619;111899;0.4;20.48;54.88;96.41;199.38
0;422;3;1378;179660;20.64;64;108.04;172.16;305.05
0;422;4;210;54153;47.56;105.04;196.94;326.07;681.61
0;423;1;120;6540;0;4.76;26.66;62.37;152.78
0;423;2;151;11889;0;23.16;56.21;99.93;206.02
0;423;3;105;10450;0;11.44;53.08;123.3;387.11
0;423;4;20;12495;10.7;75.86;242.8;872.43;2412.66
0;424;1;1131;50033;0;8.4;20.8;65.16;156.22
0;424;2;837;84236;9.6;46.81;83.61;132.52;231.82
0;424;3;598;90310;20.72;67.96;119.68;194.38;391.87
0;424;4;89;31414;59.88;155.89;274.44;451.77;851.57
0;425;1;456;30018;4;24.4;52.16;92.74;174.86
0;425;2;1731;172807;11.56;45.88;84.97;133.09;245.97
0;425;3;1366;202319;18.72;69.96;118.88;194.42;366.3
0;425;4;239;85334;38.8;145.96;274.16;439.05;1144.32
0;440;1;25;24616;202.92;456.63;1274.45;1398.1;1534.86
0;440;2;153;166144;261.4;441.8;1353.38;1503.78;1741.11
0;440;3;129;157127;311.51;583.21;1432.86;1632.69;1939.27
0;440;4;28;51158;565.53;1602.57;1882.47;2118.19;2613.31
0;441;1;279;5829;0;2.16;8.8;24.56;82.41
0;441;2;402;39474;0;36.84;79.27;140.72;241.36
0;441;3;685;132497;32.16;103.72;156.16;239.36;516.12
0;441;4;92;72218;160.8;431.05;666.54;1022.32;1900.37
0;442;1;1000;37237;0;11.28;23.52;52.52;113.24
0;442;2;802;56684;6.72;25.52;53.24;91.21;192.9
0;442;3;304;49904;21.28;64.92;119.34;217.42;454.59
0;442;4;66;34955;159.49;240.3;397.5;580.28;1416.2
0;443;1;5347;73350;0;0;0;15.04;66.29
0;443;2;2537;103326;0;4.64;18.48;57.84;142.85
0;443;3;941;131764;4.64;43.28;102.49;183.17;393.26
0;443;4;196;101503;93.88;208.93;352.05;641.87;1395.24
0;444;1;234;2227;0;0;3.2;11.2;46.81
0;444;2;373;6679;0;1.2;7.12;20.24;65.43
0;444;3;54;6123;0;9.6;27.8;82.68;667.26
0;444;4;4;5610;912.79;932.21;1050.11;1872.7;2596.81
0;445;1;461;5172;0;0;2.88;9.76;61.33
0;445;2;448;14103;0;1.52;7.98;46.81;131.21
0;445;3;107;15697;1.2;37.6;104.05;188.57;514.49
0;445;4;20;6984;81.4;101.16;211.5;329.61;1450.74
0;446;1;8189;57963;0;0;0;1.6;46.81
0;446;2;3742;64944;0;0;4.68;14.6;79.29
0;446;3;448;35306;0;6.06;32.82;108.98;311.56
0;446;4;68;22987;46.81;160.01;240.83;470.78;971.21
0;447;1;63;1584;0;0;6.4;36.16;106.45
0;447;2;180;10961;0;8.56;26.18;68.12;271.6
0;447;3;138;24544;4.4;52.12;140.06;235.25;506.93
0;447;4;83;57710;145.16;247.28;522.35;945.88;2252.54
0;461;1;411;5561;0;0;3.2;10.44;62.81
0;461;2;625;23553;0;2.4;15.4;54.56;146.28
0;461;3;548;59808;2.88;39.48;90.91;151.62;283.85
0;461;4;73;15899;15.12;108.68;169.96;307.2;509.04
0;462;1;203;9294;0;12.04;26.88;69.89;149.21
0;462;2;259;16468;2.88;18.8;47.68;88.12;173.9
0;462;3;193;31937;12.32;58.12;126.07;208.71;475.82
0;462;4;28;13683;80.04;203.6;308.06;686.73;1307.69
0;463;1;6343;278421;0;10.56;34.36;68.65;115.41
0;463;2;8588;656484;4.32;27.92;65.4;107.96;190.54
0;463;3;5594;725871;20.56;68.8;111.2;169.54;292.46
0;463;4;907;230001;47.72;120.64;203.01;323.68;616.6
0;465;1;3575;73055;0;0;5.68;46.81;69.97
0;465;2;5181;143662;0;0;14.56;48.81;82.13
0;465;3;240;22155;3;24.74;75.54;135.12;257.61
0;465;4;38;10329;21.52;131.45;190.74;297.89;700.36
0;466;1;399;9762;0;0;11.8;46.81;80.96
0;466;2;936;44464;0;6.98;30.08;69.93;155.02
0;466;3;941;106798;7.84;44.2;90.44;152.28;298.72
0;466;4;155;43366;38.64;132.12;213.04;361.53;602.08
0;468;1;4021;102231;0;0;6.56;44.76;98.21
0;468;2;3073;176540;0;5.36;33.6;85.41;188.68
0;468;3;1626;216480;11.2;60.84;110.48;175.21;325.94
0;468;4;224;74346;55.08;152.82;248.67;407.36;878.3
0;469;1;84;7583;10.8;35.44;86.21;120.2;226.32
0;469;2;798;107359;21.76;68.08;115.02;174.41;328.67
0;469;3;1282;263740;34.12;101.01;162.5;266.71;493.43
0;469;4;357;166034;71.68;205.8;342.44;619.34;1243.45
0;470;1;120;4652;0;7.4;21.22;64.33;119.26
0;470;2;951;65423;0.4;17.16;48.2;91.17;177.02
0;470;3;835;94453;5.12;42.44;88.36;145.48;292.22
0;470;4;94;35394;58.4;143.96;223.8;467.64;1305.78
0;480;1;2666;9012;0;0;0;0;46.81
0;480;2;1058;34565;2.8;9.04;16.48;39.52;109.76
0;480;3;78;8209;4.48;29.08;69.96;149.4;314.62
0;480;4;11;8209;132.28;333.53;635.6;809;2710.54
0;481;1;538;5248;0;0;0;5.72;54.2
0;481;2;329;4165;0;0;3.2;12.72;60.53
0;481;3;22;2267;0;12.32;43.34;98.76;352.32
0;481;4;5;5491;111.28;414.25;805.02;1128.49;3032.2
0;482;1;2939;5668;0;0;0;0;7.2
0;482;2;3434;9633;0;0;0;0;13.68
0;482;3;237;18867;0;9.6;41.44;115.96;262.78
0;482;4;32;10455;70.33;143.81;280.54;434.68;808.08
0;483;1;1521;15957;0;0;0;7.12;61.29
0;483;2;151;5819;0;0;6;46.81;170.47
0;483;3;20;2040;0;6.84;63.88;204.5;296.88
0;483;4;6;4411;206.96;484.35;504.35;710.05;2000.45
0;484;1;494;9799;0;6.08;14.02;24.56;64.48
0;484;2;850;21559;0;4.08;14.48;32.88;88.53
0;484;3;240;17534;0;6.4;32.94;88.01;277.46
0;484;4;14;9465;23.24;130.44;226.98;557.17;2865.65
0;500;1;137;1826;0;0;2.16;9.2;62.12
0;500;2;365;19472;0;6.4;37.76;77.13;165.18
0;500;3;329;36648;3.2;43.88;84.57;148.01;272.01
0;500;4;51;10910;24.08;80.64;158.64;293.52;499.02
0;501;1;1786;63217;0;3.68;20.22;58.33;109.05
0;501;2;1793;109892;0;13.8;48.68;90.41;174.65
0;501;3;648;80150;9.44;62.84;105.58;162.99;304.13
0;501;4;76;20733;67.32;133.75;226.95;300.85;773.53
0;510;1;308;6940;0;3.2;12.6;29.6;78.6
0;510;2;297;16945;0;10.16;38.12;86.77;177.76
0;510;3;74;13920;19.68;96.2;146.24;226;531.84
0;510;4;13;5122;143.84;184.4;324.69;485.41;996.42
0;511;1;212;4814;0;0;9.2;28.48;86.05
0;511;2;341;18154;0;4.32;28.08;76.04;174.93
0;511;3;168;26261;9.6;74.01;135.7;204.82;379.81
0;511;4;18;6904;39.68;211.72;321.95;468.81;1400.08
0;512;1;603;9058;0;0.72;6.72;16.2;61.92
0;512;2;404;14010;0;3.8;13.2;49.96;132.08
0;512;3;59;6968;0.32;48.24;80.24;152.68;489.96
0;512;4;10;8551;66.84;221.25;459.9;1232.3;3712.96
0;513;1;8019;41078;0;0;0;0;40.6
0;513;2;1845;28754;0;0;3.84;14.76;75.93
0;513;3;129;12508;0;16.2;48.73;117.41;293.01
0;513;4;12;3956;103.52;158.5;237.24;458.69;921.84
0;514;1;1956;8778;0;0;0;4.84;15.84
0;514;2;776;5765;0;0;3.2;8.56;31
0;514;3;21;1883;0;12.16;61.76;152.6;241.08
0;514;4;4;3497;123.72;200.1;691.12;1548.45;1991.14
0;517;1;286;3245;0;0;0;10.6;67.57
0;517;2;130;3532;0;0;8.36;43.97;113.08
0;517;3;34;2271;0;8.56;44.58;89.68;182.45
0;517;4;6;1578;92.4;194.84;282.2;328.37;398.09
0;518;1;933;9917;0;0;0;8.92;59.69
0;518;2;424;12679;0;0;9.08;41.84;123.65
0;518;3;126;18244;1.2;54.44;115.22;181.08;451.09
0;518;4;33;19602;21.36;153.87;280.84;597.3;2269.09
0;519;1;3003;9352;0;0;0;0;19
0;519;2;499;8905;0;1.92;8.16;24.48;72.53
0;519;3;24;2558;8.24;42.94;85.34;126.93;385.53
0;519;4;4;3053;87.04;300.32;625.49;1226;1714.62
0;530;1;86;2962;0;2.08;15.4;46.81;103.01
0;530;2;388;14487;0;5.36;20.26;53.28;130.3
0;530;3;610;42953;0;13.2;33.64;96.82;238.78
0;530;4;76;21766;45.48;113.51;181.88;273.59;688.84
0;531;1;486;20723;0;11.08;32.92;65;110.01
0;531;2;140;10577;4.36;30.48;72.36;99.12;180.27
0;531;3;47;6958;21.6;74.13;106.49;209.97;330.66
0;531;4;2;627;309.49;309.49;313.47;317.46;317.46
0;532;1;935;25334;0;0;15.12;46.81;83.41
0;532;2;421;14066;0;0;16.28;57.13;113.81
0;532;3;65;7525;8.72;42.44;91.48;151.88;397.32
0;532;4;8;2242;50.36;151.6;290.13;370.17;567.37
0;540;1;13081;111520;0;0;0;0;46.81
0;540;2;8363;382913;5.84;15.76;29.92;63.19;130.03
0;540;3;1850;177052;12.4;36.52;71.06;125.12;266.67
0;540;4;61;19999;64.24;173.05;250.73;421.49;883
0;541;1;762;24625;1.2;11.76;22.07;54.41;80.97
0;541;2;1756;68555;3.6;13.95;27.97;59.88;97.44
0;541;3;359;27749;10.08;26.48;58.04;103.04;222.29
0;541;4;5;1153;23.8;130.95;165.51;284.68;547.99
0;542;1;304;10094;3.28;10.62;21.56;55.18;78.85
0;542;2;1193;44613;3.32;12.12;24.23;57.04;92.01
0;542;3;155;9961;2.64;17.64;49.45;89.52;181.11
0;542;4;6;2334;197.76;240;370.04;571.68;584.06
0;544;1;856;21076;0;1.88;12.04;46.81;80.89
0;544;2;414;14891;0;6.88;21.2;58.08;115.57
0;544;3;34;3320;18.64;32.56;85.16;114.29;301.84
0;544;4;3;1085;96.76;96.76;191.28;797.42;797.42
0;545;1;842;17043;0;0;2.04;46.81;72.73
0;545;2;322;11338;0;7.76;25.68;57.29;87.25
0;545;3;36;2354;1.6;21.3;61.46;90.43;154.21
0;546;1;262;5624;0;0;5.76;28.16;81.61
0;546;2;137;7655;0;10.56;48.31;75.77;174.88
0;546;3;45;3581;6.48;23.84;69.05;108.09;221.98
0;546;4;6;2515;64.89;259.32;419.5;606.24;745.76
0;560;1;48666;704515;0;0;0;46.81;46.81
0;560;2;28046;995122;3.12;11.6;22.75;56.33;91.73
0;560;3;3446;200206;6.32;19.12;46.35;77.69;158.45
0;560;4;21;3334;19.16;79.23;130.61;175.12;437.05
0;561;1;721;18715;0;4.24;13.68;47.45;81.52
0;561;2;646;28338;0;9.52;31.15;66.17;119.46
0;561;3;78;6046;0;28.32;69.45;115.37;204.09
0;561;4;16;2466;6.4;59.56;85.86;218.71;515.67
0;563;1;1359;49866;0;12.96;28.26;58.37;87.4
0;563;2;954;44860;0;17.32;37.04;67.73;115.65
0;563;3;134;9227;6.72;28.68;58.33;93.73;167.45
0;564;1;472;10434;0;0;8.34;38.04;78.25
0;564;2;225;7249;0;3.84;17.52;52.73;107.85
0;564;3;7;494;20.44;23.19;64.88;126.44;133.24
0;564;4;2;80;33.2;33.2;40;46.81;46.81
0;565;1;622;14253;0;0;8.24;46.81;76.77
0;565;2;238;7718;0;0;25.28;57.64;82.17
0;565;3;21;1352;0;28.96;56.93;79.65;177.65
0;566;1;4687;164351;0;7.6;26.04;58.69;90.29
0;566;2;4114;196820;0;14.84;41.72;68.09;121.17
0;566;3;1015;72653;4.72;26.72;58.53;89.89;196.36
0;566;4;19;3947;16.16;90.88;133.13;325.48;621.72
0;580;1;51;2399;0;16.96;47.61;67.2;99.24
0;580;2;33;2128;17.32;36.96;59.28;79.16;153.81
0;580;3;14;876;9.6;43.16;52.64;86.44;140.2
0;580;4;6;1095;60.08;86.32;96.16;338.74;417.22
0;581;1;17;1093;4.24;30.08;51.56;77.85;186.27
0;581;2;8;476;6.32;28.12;54.66;88.41;127.61
0;581;3;3;305;59.4;59.4;71.08;174.96;174.96
0;581;4;1;75;74.64;74.64;74.64;74.64;74.64
0;583;1;1;1069;1068.73;1068.73;1068.73;1068.73;1068.73
0;583;2;1;613;612.88;612.88;612.88;612.88;612.88
0;583;3;3;5313;1429.58;1429.58;1436.26;2447.28;2447.28
0;583;4;9;20309;1171.01;1851.26;1959.17;2645.61;3505.47
0;588;2;2;642;256.27;256.27;320.79;385.32;385.32
0;588;3;16;7117;108.08;263.94;325.19;577.82;1123.33
0;588;4;48;50631;178.94;564.41;935.39;1380.51;2366.08
0;589;1;4;2779;158.78;207.53;520.24;1181.91;1579.63
0;589;2;2;1643;781.75;781.75;821.32;860.89;860.89
0;589;3;6;5286;17;503.2;668.31;900.92;2528.39
0;589;4;3;755;29.48;29.48;43.84;681.32;681.32
0;591;1;1;210;209.92;209.92;209.92;209.92;209.92
0;591;2;3;926;189.6;189.6;266.52;470.15;470.15
0;591;3;6;2888;81.96;210.28;561.78;711.33;760.87
0;591;4;66;61118;158.72;562.16;913.61;1266.92;1812.55
0;593;1;2;3551;1573;1573;1775.29;1977.59;1977.59
0;593;2;17;5280;0;174.26;253.18;349.71;1056.49
0;593;3;62;26149;124.56;282.24;383.17;530.4;853.24
0;593;4;80;54825;209.76;351.74;644.82;837.6;1457.81
0;602;1;6;771;12.24;110.72;128.66;163.96;226.84
0;602;2;33;7808;95.92;136.12;192.48;272.32;555.97
0;602;3;82;24863;72.96;211.04;293.12;387.37;553.32
0;602;4;57;31281;89.2;316.44;489.32;638.08;1333.7
0;603;1;4;545;104.32;119.57;135.14;152.84;170.24
0;603;2;16;4655;83.88;186.36;243.85;321.06;612
0;603;3;14;3479;90.84;167.44;186.56;351.44;504.85
0;603;4;15;5667;169.84;265.12;368.61;455.6;578.04
0;607;1;16;2524;47.12;125.16;161.99;187.86;321.88
0;607;2;83;16750;74.38;131.8;192.96;258.31;336.73
0;607;3;106;26812;88.24;160.6;227.61;295.42;472.6
0;607;4;41;18047;160.36;277.04;347;505.74;975.6
0;608;1;17;2379;60.96;80.08;109.2;186.68;293.68
0;608;2;40;5940;46.52;100.1;140.96;183.76;287.59
0;608;3;27;5688;84.92;114.01;193.16;263.3;363.48
0;608;4;6;1727;116.96;151.67;286.3;431.44;454.65
0;609;1;2;238;31.28;31.28;118.86;206.45;206.45
0;609;2;6;996;93.05;115.24;168.06;221.2;230.08
0;609;3;21;6636;83.88;201.62;238.35;300.28;997.84
0;609;4;57;52399;161.12;394.54;540.4;1258.45;2858.13
0;611;1;13;1406;52.12;80.48;103.44;146.84;180.04
0;611;2;34;4802;58.8;100.96;124.52;157.28;309.35
0;611;3;75;13927;52.76;106.28;147;247.09;430.65
0;611;4;20;5762;102.72;182.59;250.78;308.54;809.11
0;612;1;50;5303;47.84;70.76;95.72;144.52;168.16
0;612;2;119;16955;64.84;92.64;129.68;181.2;251.81
0;612;3;91;16739;75.16;106.01;167.28;229.36;354.86
0;612;4;12;3545;113.44;163.42;236.66;462.44;571.92
0;613;1;6;620;29.37;92.59;107.22;140.01;144.09
0;613;2;9;1079;48.64;74.16;99.48;116.48;329.23
0;613;3;13;1677;88.92;108.2;127.64;143.04;207.04
0;613;4;4;810;151.72;176.34;207.95;228.79;242.64
0;614;1;199;14828;13.52;44.36;74.48;97.72;148.28
0;614;2;134;14297;24.96;60.68;106.46;135.73;219.32
0;614;3;63;8440;45.76;81.24;112.92;166.57;236.77
0;614;4;3;280;74.76;74.76;101.52;103.96;103.96
0;621;1;18;1340;12.52;42.48;59.93;119.64;208.41
0;621;2;34;2934;22.64;60.12;77.92;99.36;209.84
0;621;3;53;8572;42;84.17;139;203.48;355.74
0;621;4;20;8719;52.28;242.32;364.3;521.91;1187.64
0;622;1;52;4358;25.96;51.62;76.72;98.56;169.36
0;622;2;107;11788;17.6;66.12;107.32;146.07;213.64
0;622;3;63;10694;58.36;99.92;156.04;235.44;339.26
0;622;4;20;5662;122.56;170.03;280.24;338.92;599.28
0;623;1;18;1333;1.04;42.84;57.32;96.12;159.56
0;623;2;13;1610;47.36;104.4;117.52;151.89;213.26
0;623;3;8;1049;58.24;81.8;122.64;188.29;205.57
0;623;4;3;860;158.57;158.57;268.2;433.16;433.16
0;625;1;108;7792;3.2;31.36;63.24;101.62;170.3
0;625;2;79;7997;16.56;58.84;85.44;137.12;238.72
0;625;3;25;3683;30.4;80.28;121.28;185.56;368.11
0;626;1;79;2120;0;3.12;16.08;36.83;98.6
0;626;2;99;3938;0;12.8;31.04;55.4;108.8
0;626;3;122;8125;12.39;33.92;56.98;87.94;136.16
0;630;2;10;2400;38.92;127.52;158;398.84;595.4
0;630;3;21;7537;100.04;182.08;334.23;579.73;711.04
0;630;4;72;66998;68.84;375.01;703.52;1210.94;2378.2
0;631;1;3;133;0;0;51.64;81.76;81.76
0;631;2;15;1762;13.2;67.68;92.56;149.88;394.36
0;631;3;30;11783;87.16;155.56;221.94;416;835.27
0;631;4;31;24350;71.08;262.46;422.81;915.67;3052.18
0;633;1;76;6056;0.56;22.62;46.53;90.43;291
0;633;2;115;9922;0;32.84;63.97;119.88;248.91
0;633;3;114;25477;25.28;78.44;122.31;196.47;592.07
0;633;4;93;43854;45.36;193.2;331.04;527.4;1612.4
0;634;1;80;4615;1.92;29.98;49.3;76.12;142.82
0;634;2;168;14420;4.32;45.86;79.27;114.58;172.84
0;634;3;140;19750;32.74;72.54;109.44;189.03;322.43
0;634;4;71;20654;117.1;205.44;266.56;348.84;547.17
0;636;1;124;5687;0.8;18.9;39.38;60.54;125.97
0;636;2;50;4931;2.16;48.16;92.19;127.76;224.21
0;636;3;23;2007;20.08;39.72;54.61;86.19;186.1
0;636;4;3;696;103.72;103.72;222.41;369.65;369.65
0;639;1;283;12745;0;7.08;33.07;63.12;133.36
0;639;2;142;10177;3.68;23.84;54.26;93.57;202.57
0;639;3;61;8447;30.6;75.28;104.32;210.72;269.26
0;639;4;11;1966;60.04;89.52;151.76;243.24;389.69
0;640;1;852;12952;0;0.64;4.02;20.1;56.33
0;640;2;538;13434;0;1.28;12.9;46.8;75.56
0;640;3;285;12360;0;11.6;33.92;63.63;123.63
0;640;4;1;32;32.2;32.2;32.2;32.2;32.2
0;650;1;52;3964;9.96;19.06;41.54;89.3;162.04
0;650;2;36;4189;9.84;39.84;103.3;142.42;375.61
0;650;3;25;6120;53.76;108.6;174.33;299.33;458.34
0;650;4;22;14272;236.71;287.44;425.5;886.38;1965.8
0;651;1;503;20381;0;5.32;23.44;55.52;137.13
0;651;2;139;12487;0;30;65.24;112.84;229.32
0;651;3;81;14436;20.44;76.64;143.45;237.81;474.09
0;651;4;31;26387;53;262.8;474.94;1132.68;2564.27
0;660;1;313;35495;3.28;35.11;70.8;119.61;320.62
0;660;2;1340;154547;14.22;54.16;97.88;145.97;272.5
0;660;3;1350;235700;32.12;86.68;136.77;215.4;415.86
0;660;4;339;175756;78.52;184.61;339.72;607.54;1813.69
0;661;1;415;29033;1.92;16;54.84;101.96;186.67
0;661;2;286;25366;1.92;28.2;68.19;114.18;248.13
0;661;3;232;35984;7.52;44.46;100.39;208.82;456.14
0;661;4;48;28377;75.08;223.06;390.41;643.74;2271.02
0;662;1;393;23820;0;21.36;46.81;83.81;161.32
0;662;2;190;15305;8.08;28.8;61.64;106.53;191.2
0;662;3;87;13656;27.04;62.68;136.6;208.33;365.21
0;662;4;16;3679;11.6;142.45;207.12;272.04;545.49
0;663;1;2611;131499;0;12.84;38.28;75.01;142.01
0;663;2;3875;296141;3.2;27.24;64.52;107.36;190.67
0;663;3;2421;302108;15.68;58.81;104.25;162.85;301.48
0;663;4;376;100128;29.56;121.16;204.37;339.3;643.76
0;680;1;192;13652;0;16.82;45.3;92.46;223.16
0;680;2;353;39223;3.12;34.72;83.57;151.52;308.8
0;680;3;227;59790;17.16;121.96;211.2;342.74;632.19
0;680;4;115;111685;80.76;318.47;627.4;1173.8;3066.5
0;681;1;1296;39329;0;0;10.3;46.81;114.33
0;681;2;1130;76386;0;7.04;31.5;76.76;289.54
0;681;3;527;123704;12.84;61.2;171.16;326;700.29
0;681;4;269;251864;113.08;353.57;742.76;1182.72;2396.21
0;690;1;122;20817;6.8;58.49;115.24;202.17;621.77
0;690;2;281;63476;9.6;61.17;139.61;292.57;689.43
0;690;3;397;170721;37.2;151.21;311.21;608.57;1207.48
0;690;4;243;238357;108.76;426.15;846.91;1381.18;2336
0;691;1;451;36842;0;24.84;56.87;110.61;255.92
0;691;2;954;114704;6.4;42.88;90;157.73;328.39
0;691;3;916;204413;27;99.01;172.1;289.14;593.24
0;691;4;258;140535;68.65;224.92;394.2;657.3;1604.46
0;692;1;75;1753;0;0;12.84;32.12;72.73
0;692;2;230;5160;0;0;0.8;32.04;113.52
0;692;3;75;6317;0;17.68;50.12;98.96;405.77
0;692;4;16;3509;36.16;82.05;148.3;267.22;930.75
0;694;1;317;14486;0;6.6;28.33;66.17;152.21
0;694;2;811;61347;0;17.4;53.64;104.37;227.21
0;694;3;931;124164;9.88;46.81;96.77;171.64;380.04
0;694;4;186;62888;34.56;119.2;212.22;385.77;1194.48
0;695;1;2;198;52;52;98.84;145.69;145.69
0;695;2;663;70663;24.36;50.87;70.32;111.85;326.73
0;695;3;454;121235;21.36;65.08;143.93;408.02;831.52
0;695;4;213;168536;119.76;444.69;677.44;896.29;1734.5
0;696;1;2092;44895;0;7.84;13.64;26.06;68.57
0;696;2;12273;386730;0;10.76;17.4;36.44;98.28
0;696;3;3809;193317;0;12.52;23;57.52;178.53
0;696;4;246;64960;13.96;55.44;156.34;327.92;1022.96
0;710;1;197;12874;0;10.52;35.6;76.34;286.68
0;710;2;408;58244;9.52;49.86;109.17;191.26;370.62
0;710;3;897;269250;53.64;139.09;223.1;361.16;760.12
0;710;4;1229;917252;108.68;296.72;526.66;928.38;2106.16
0;711;1;464;23247;0;11.84;32.48;70.8;157.15
0;711;2;779;62687;3.92;27.12;62.45;102.17;233.24
0;711;3;607;120732;23.36;87.01;152.04;253.09;495.76
0;711;4;282;158720;104.45;231.28;409.71;746.2;1529.53
0;720;1;402;26520;4.48;25.72;56.94;94.69;157.41
0;720;2;2865;329637;13.44;56.48;101.89;154.73;259.9
0;720;3;5299;964081;24.56;89.64;152.32;237.65;432.91
0;720;4;2713;1082178;32.92;142.33;265.48;497.33;1247.16
0;721;1;844;35809;0;11.08;31.12;63.46;118.17
0;721;2;1330;89510;4;23.84;56.68;95.49;178.89
0;721;3;838;114476;11.52;59.28;105.06;176.49;356.64
0;721;4;327;109205;73.68;167.13;254.93;421.14;801.84
0;722;1;1543;79650;0;14.16;46.81;74.85;130.45
0;722;2;1428;120712;3.2;32.46;71.53;114.91;204.49
0;722;3;618;75082;14.76;56.32;100.68;161.41;314.25
0;722;4;76;22245;38.2;93.7;216.48;371.86;920.3
0;723;1;3158;132652;0;9.36;29.58;66.24;113.13
0;723;2;2817;149581;0;14.6;42.52;75.01;147.2
0;723;3;754;79816;2.72;44.72;86.39;143.77;263.5
0;723;4;85;31828;53.41;116.16;189.97;431.2;1462
0;724;1;848;52753;0;17.56;50.8;86.4;162.59
0;724;2;850;77634;0.8;34.36;75.14;124.17;230.7
0;724;3;559;84236;16.59;68.92;118.85;206.5;384.19
0;724;4;135;53679;53.56;158.6;281.96;467;887.81
0;740;1;147;3462;0;0;0;20.56;140.92
0;740;2;133;13130;0;32.09;72.57;124.01;322.18
0;740;3;145;27685;27.84;87.61;134.25;232.46;440.27
0;740;4;41;17969;143.8;242.31;349.76;523.08;1058.94
0;750;1;190;6897;0;0;39.18;49.04;108.52
0;750;2;147;8291;0;2.72;46.81;73.81;170.85
0;750;3;28;4342;29.32;68.64;127.2;170.05;323.67
0;750;4;8;6070;0.72;188.01;538.08;984.63;2647.99
0;751;1;541;22138;0;0;31.6;58.65;127.58
0;751;2;715;47266;0;15.68;46.81;99.08;197.93
0;751;3;175;22863;12.76;52.38;106.1;169.41;339.58
0;751;4;28;6456;19.44;90.31;248.87;320.32;377.41
0;752;1;74;2350;0;0;0.92;46.81;155.33
0;752;2;151;6570;0;0;21.2;62.25;171.3
0;752;3;29;3451;0.4;46.44;89.65;150.57;315.57
0;752;4;1;109;108.74;108.74;108.74;108.74;108.74
0;753;1;281;10143;0;0;22.48;53.12;125.46
0;753;2;357;21633;0;17.68;46.81;81.05;165.38
0;753;3;105;12949;8.4;56.48;88.95;161.81;357.6
0;753;4;12;2912;0;121.69;187.21;338.19;688.16
0;754;1;695;23354;0;0;16.8;52.32;116.66
0;754;2;598;41085;0;21.08;56.94;102.85;179.02
0;754;3;172;20287;13.6;53.98;94.76;153.68;323.69
0;754;4;23;4801;58.64;83.76;184.01;232.2;541.68
0;755;1;1058;39243;0;0;24.82;59.37;112.49
0;755;2;594;31945;0;13.96;46.81;77.52;154.26
0;755;3;110;8610;0;33.52;68.35;106.56;184.93
0;755;4;6;1472;124.72;178.52;276.49;294.83;320.62
0;756;1;1195;40555;0;0;18.8;53.36;109.24
0;756;2;1301;66230;0;0;38.12;74.61;168.53
0;756;3;444;36110;0;10;54.63;112.87;251.57
0;756;4;28;5672;29.76;91.22;132.12;229.08;667.75
0;757;1;1104;81066;0;28.04;65.28;106.43;181.17
0;757;2;1487;138068;4;45.2;80;130;212.7
0;757;3;1048;135548;18.08;65.74;110.72;172.64;291.28
0;757;4;116;23068;59.56;101.14;164.13;252.05;421.37
0;758;1;190;4586;0;0;0;46.81;113.8
0;758;2;159;6753;0;0;16.36;64.88;158.33
0;758;3;36;2469;0;19.64;51.26;100.12;192.14
0;758;4;6;2685;48.12;119.92;160.72;227.38;1967.71
0;759;1;93;6210;0;24.92;63.88;93.62;153.24
0;759;2;129;11728;0.56;32.84;59.16;118.44;245.84
0;759;3;93;12004;0;55.48;106;179.57;325.06
0;759;4;9;3536;53.44;316.03;437.37;537.86;697.03
0;760;1;2368;17744;0;0;0;0;53.4
0;760;2;778;22124;0;0;0;39.84;144.94
0;760;3;118;11935;0;31.5;80.42;133.46;297.8
0;760;4;12;5138;103.13;203.93;277.25;402.49;2107.97
0;770;1;208;7829;0;0;26.84;59.67;107.45
0;770;2;166;9661;0;17.64;51.14;87.17;146.41
0;770;3;40;4606;7.4;56.38;85.57;128.94;359.51
0;770;4;18;4109;-10.84;106.17;151.63;285.29;914.17
0;772;1;436;16650;0;6.4;38.56;53.24;106.92
0;772;2;483;29609;0;23.72;51.24;85.92;163.09
0;772;3;123;15148;8.4;51.36;93.36;181.9;296.45
0;772;4;12;4511;103.25;157.02;264.6;453.04;1252.16
0;773;1;89;3773;0;0;25.76;61.21;136.93
0;773;2;255;14080;0;12.32;37.28;81.12;179.65
0;773;3;70;8962;18.76;51.48;113.3;179.49;290
0;773;4;32;9335;25.84;91.32;173.44;446.22;1022.12
0;774;1;66;2322;0;0;18.44;56.64;112.09
0;774;2;331;16493;0;8;36.48;73.44;147.32
0;774;3;40;5765;8.92;59.48;98.38;205.82;402.98
0;774;4;7;4510;0.8;110.16;438.63;717.07;2493.12
0;775;1;2947;88210;0;0;15.6;46.81;110.18
0;775;2;2358;124576;0;8.6;35.68;78.44;162.13
0;775;3;573;70302;9.2;49.77;95.25;165.07;314.49
0;775;4;123;40560;11.92;128.81;223.66;436.32;1111.2
0;776;1;343;15538;0;6.4;35;67.4;122.18
0;776;2;272;18068;0;19.8;55.53;92.98;186.49
0;776;3;81;10515;9.36;62.81;110.12;163.9;303.28
0;776;4;10;3237;0;195.1;300.3;475.35;704.49
0;791;1;1338;27339;0;0;6.76;27.04;81.53
0;791;2;1306;64215;0;6.12;27.84;70.77;169.07
0;791;3;543;80898;3.2;40.32;102.84;196.13;480.21
0;791;4;201;136386;71.29;202.13;403.04;805.87;2292.13
0;811;1;715;19547;0;0;16.76;46.81;86.01
0;811;2;316;14112;0;9.64;33.02;68.76;133.97
0;811;3;68;7621;12.76;46.7;80.33;171.47;295.25
0;811;4;14;4748;61.4;123.48;210.2;501.24;1404.2
0;812;1;4141;165904;0;0.4;23.84;60.25;137.16
0;812;2;2763;188823;0;15.92;48.24;95.45;203.97
0;812;3;1041;155247;14.68;60.49;112.17;199.77;405.54
0;812;4;513;171519;38;125.6;237.29;437.52;976.24
0;813;1;1613;43444;0;1.92;14.04;46.81;88.85
0;813;2;1560;73665;0;9.52;31.54;68.96;141.42
0;813;3;609;53667;0;22.96;62.61;118.56;248.18
0;813;4;98;29182;25.92;119.45;193.66;383.96;887.18
0;815;1;1123;25767;0;0;2;46.81;82.61
0;815;2;393;23705;0;12;46.81;88.13;186.76
0;815;3;210;25173;0;43.6;87.6;169.13;335.23
0;815;4;115;38072;25.84;145.68;271.76;417.96;823.91
0;816;1;726;22314;0;0;17.3;46.81;101.82
0;816;2;456;24682;0;13.62;41.54;73.99;159.73
0;816;3;179;25214;0;46.81;104.61;199.84;377.93
0;816;4;92;35405;30.96;123.38;276.26;504.92;1076.04
0;841;3;4;6539;321.77;500.32;1037.9;2769.37;4141.81
0;841;4;7;28684;1067.96;2357.62;4113.26;6085.88;6454.98
0;842;1;53;3873;0;0;45.12;72.97;289.84
0;842;2;57;10728;0;32.48;112.68;254.13;745.28
0;842;3;42;21969;53.53;208.49;400.19;653.59;1563.92
0;842;4;16;37811;591.95;1227.42;1851.54;3177.5;5494.5
0;843;2;1;180;180.35;180.35;180.35;180.35;180.35
0;843;3;4;1354;0;39.6;208.68;637.64;937.13
0;843;4;3;593;5.16;5.16;167.32;420.69;420.69
0;844;1;313;9917;0;0;22;50.01;87.36
0;844;2;115;9025;0;26.68;60.72;112.47;233.41
0;844;3;66;16873;0;79.96;148.2;354.18;947.09
0;844;4;16;13111;79.76;298.58;789.82;1195.21;2037.73
0;850;1;4720;60870;0;0;0;9.92;62.78
0;850;2;1689;75552;0;0;11.36;49.29;189.78
0;850;3;523;79895;1.84;38.48;102.21;185.36;519.27
0;850;4;246;129451;46.36;182.44;347.52;696.04;1724.4
0;860;1;179;13349;0;27.4;52.2;98.65;227.69
0;860;2;845;80745;13.32;41;74.13;121.33;248.62
0;860;3;980;123437;19.62;46.98;91.65;174.78;342.09
0;860;4;183;60626;27.32;74.36;201.86;392.97;1159.02
0;861;1;13301;187728;0;0;0;12.28;74.32
0;861;2;8235;371638;0;0;25.4;69.33;154.73
0;861;3;2669;248509;0;25.88;70.77;129.76;259.93
0;861;4;333;85481;11.56;90;171.66;303.58;838.09
0;862;1;4775;47985;0;0;0;3.2;59
0;862;2;3731;140735;0;0;10.4;57.32;149.45
0;862;3;1478;143969;0;23.25;73.91;137.17;282.11
0;862;4;281;71449;6.4;69.8;163.08;346.61;715.04
0;863;1;432;5697;0;0;9.3;18.76;46.81
0;863;2;279;7717;0;8.4;21.72;39.89;80.45
0;863;3;95;4672;0;16.64;36.72;59.8;193.92
0;863;4;15;1827;3.2;22.68;42.56;166;728.72
0;890;2;7;1642;82.28;122.48;262.46;306.87;336.97
0;890;3;58;14985;45.76;113.65;196.56;361.51;708.22
0;890;4;57;44292;84.12;363.46;665.13;1016.93;2231.1
0;892;1;3;203;18.12;18.12;85.64;99.01;99.01
0;892;2;51;6224;0;34.56;82.68;193.07;403.07
0;892;3;123;25387;30.72;94.08;173.22;276.94;506.48
0;892;4;30;12887;58.48;214.97;283.88;581.06;1124.32
0;893;1;3;211;44.32;44.32;47.6;119.53;119.53
0;893;2;24;4029;34.16;61.02;146.15;243.2;388.86
0;893;3;24;4941;44.08;97.09;218.21;304.25;384.77
0;894;1;60;5555;0;34.88;76.9;124.89;234.19
0;894;2;174;19056;0;38.2;92.94;153.15;299.62
0;894;3;29;6049;26.8;74.29;99.33;199.52;448.13
0;910;2;9;2651;84.4;130.44;209.33;411.58;880.42
0;910;3;52;19457;24.84;161.77;278.75;434.75;1100.64
0;910;4;105;85104;50.04;320.3;609.29;1107.75;2179.79
0;911;2;19;2230;19.76;68.88;98.08;163.77;305.21
0;911;3;45;10126;61.2;161.73;186.89;249.73;545.72
0;911;4;82;66861;62.48;208.61;439.76;901.01;3466.25
0;912;1;1;355;354.65;354.65;354.65;354.65;354.65
0;912;2;265;26861;8.16;42.88;78.24;140.37;259.89
0;912;3;575;118727;20.04;93.41;163.44;261.36;532.14
0;912;4;297;198998;106.03;261.41;496.96;821.48;1877.3
0;930;1;10;406;0;10;40.62;62.57;114.04
0;930;2;409;31414;0;22.96;59.29;110.37;211.29
0;930;3;626;94449;8.16;68.3;121.52;197.48;377.81
0;930;4;147;75355;13.52;138.37;323.09;761.81;1575.92
0;950;1;604;22038;0;0;12.4;46.81;130.3
0;950;2;1028;113242;0;18.84;67.66;144.29;363.32
0;950;3;1347;348867;22.6;108.17;195.16;327.77;718.02
0;950;4;955;734832;133.88;291.88;513.76;967.96;2264.44
0;951;1;2819;58626;0;0;3.76;22.84;90.27
0;951;2;2777;247785;0;11.84;53.25;120.43;291.12
0;951;3;3485;928867;22;97.29;186.41;330.62;815.43
0;951;4;2558;1885538;93.88;276.24;515.28;963.16;2117.43
0;952;1;1336;35096;0;0;5.32;36.32;121.88
0;952;2;1299;99080;0;9.04;48.56;109.49;261.27
0;952;3;1093;224799;20.72;87.96;158.03;271.14;527.05
0;952;4;283;127729;91.44;183.32;325.09;544.13;1254.18
0;955;0;46;1564;0;1.28;17.46;56.41;104.25
0;956;0;457;27471;0;3.2;46.81;76.61;159.37
